# Field minima and maxima
# Time          	field           	min             	location(min)   	processor       	max             	location(max)   	processor       
0.02            	p               	8.47685754e-01	(6.56300376e-01 8.90884355e-02 -3.66541927e-19)	13	1.17073598e+00	(4.68698630e-01 1.10578118e-01 4.99158216e-20)	13
0.04            	p               	7.36552638e-01	(7.18799894e-01 7.83435919e-02 -4.21203696e-19)	13	1.32608985e+00	(4.68698630e-01 1.10578118e-01 4.99158216e-20)	13
0.06            	p               	6.53628919e-01	(9.68798052e-01 3.53642022e-02 -7.29759770e-20)	0	1.46410219e+00	(4.68698630e-01 1.10578118e-01 4.99158216e-20)	13
0.08            	p               	5.93133166e-01	(9.68798052e-01 3.53642022e-02 -7.29759770e-20)	0	1.58188672e+00	(4.68698630e-01 1.10578118e-01 4.99158216e-20)	13
0.1             	p               	5.51712170e-01	(9.68798052e-01 3.53642022e-02 -7.29759770e-20)	0	1.67669292e+00	(4.68698630e-01 1.10578118e-01 4.99158216e-20)	13
0.12            	p               	5.27249605e-01	(9.68798052e-01 3.53642022e-02 -7.29759770e-20)	0	1.74498969e+00	(4.68698630e-01 1.10578118e-01 4.99158216e-20)	13
0.14            	p               	5.21102872e-01	(9.68798052e-01 3.53642022e-02 -7.29759770e-20)	0	1.78198606e+00	(4.68698630e-01 1.10578118e-01 4.99158216e-20)	13
0.16            	p               	5.33556859e-01	(9.68798052e-01 3.53642022e-02 -7.29759770e-20)	0	1.78209677e+00	(4.68698630e-01 1.10578118e-01 4.99158216e-20)	13
0.18            	p               	4.95106158e-01	(7.18799894e-01 7.83435919e-02 -4.21203696e-19)	13	1.74755229e+00	(4.68698630e-01 1.10578118e-01 4.99158216e-20)	13
0.2             	p               	4.47033372e-01	(7.18799894e-01 7.83435919e-02 -4.21203696e-19)	13	1.74724213e+00	(2.18700580e-01 6.75987467e-02 5.27080384e-19)	12
0.22            	p               	4.04201762e-01	(7.18799894e-01 7.83435919e-02 -4.21203696e-19)	13	1.78311702e+00	(2.18700580e-01 6.75987467e-02 5.27080384e-19)	12
0.24            	p               	3.70442649e-01	(7.18799894e-01 7.83435919e-02 -4.21203696e-19)	13	1.80936123e+00	(2.18700580e-01 6.75987467e-02 5.27080384e-19)	12
0.26            	p               	3.48027274e-01	(7.18799894e-01 7.83435919e-02 -4.21203696e-19)	13	1.83054797e+00	(2.18700580e-01 6.75987467e-02 5.27080384e-19)	12
0.28            	p               	3.30545716e-01	(7.81299420e-01 6.75987467e-02 -1.23816138e-18)	0	1.85016380e+00	(2.18700580e-01 6.75987467e-02 5.27080384e-19)	12
0.3             	p               	3.18136110e-01	(7.81299420e-01 6.75987467e-02 -1.23816138e-18)	0	1.86946528e+00	(2.18700580e-01 6.75987467e-02 5.27080384e-19)	12
0.32            	p               	3.10736842e-01	(7.81299420e-01 6.75987467e-02 -1.23816138e-18)	0	1.88748137e+00	(2.18700580e-01 6.75987467e-02 5.27080384e-19)	12
0.34            	p               	3.07835789e-01	(7.81299420e-01 6.75987467e-02 -1.23816138e-18)	0	1.90308809e+00	(2.18700580e-01 6.75987467e-02 5.27080384e-19)	12
0.36            	p               	3.08261188e-01	(7.81299420e-01 6.75987467e-02 -1.23816138e-18)	0	1.91599028e+00	(2.18700580e-01 6.75987467e-02 5.27080384e-19)	12
0.38            	p               	3.10596763e-01	(7.81299420e-01 6.75987467e-02 -1.23816138e-18)	0	1.92631035e+00	(2.18700580e-01 6.75987467e-02 5.27080384e-19)	12
0.4             	p               	3.13238634e-01	(7.81299420e-01 6.75987467e-02 -1.23816138e-18)	0	1.93428722e+00	(2.18700580e-01 6.75987467e-02 5.27080384e-19)	12
0.42            	p               	3.15069088e-01	(7.81299420e-01 6.75987467e-02 -1.23816138e-18)	0	1.94021648e+00	(2.18700580e-01 6.75987467e-02 5.27080384e-19)	12
0.44            	p               	3.16398734e-01	(7.81299420e-01 6.75987467e-02 -1.23816138e-18)	0	1.94452330e+00	(2.18700580e-01 6.75987467e-02 5.27080384e-19)	12
0.46            	p               	3.18416220e-01	(7.81299420e-01 6.75987467e-02 -1.23816138e-18)	0	1.94787962e+00	(2.18700580e-01 6.75987467e-02 5.27080384e-19)	12
0.48            	p               	3.21610328e-01	(7.81299420e-01 6.75987467e-02 -1.23816138e-18)	0	1.95095167e+00	(2.18700580e-01 6.75987467e-02 5.27080384e-19)	12
0.5             	p               	3.25486800e-01	(7.81299420e-01 6.75987467e-02 -1.23816138e-18)	0	1.95393734e+00	(2.18700580e-01 6.75987467e-02 5.27080384e-19)	12
0.52            	p               	3.28519505e-01	(7.81299420e-01 6.75987467e-02 -1.23816138e-18)	0	1.95652848e+00	(2.18700580e-01 6.75987467e-02 5.27080384e-19)	12
0.54            	p               	3.29794657e-01	(7.81299420e-01 6.75987467e-02 -1.23816138e-18)	0	1.95829687e+00	(2.18700580e-01 6.75987467e-02 5.27080384e-19)	12
0.56            	p               	3.30300003e-01	(7.81299420e-01 6.75987467e-02 -1.23816138e-18)	0	1.95901424e+00	(2.18700580e-01 6.75987467e-02 5.27080384e-19)	12
0.58            	p               	3.31262385e-01	(7.81299420e-01 6.75987467e-02 -1.23816138e-18)	0	1.95874926e+00	(2.18700580e-01 6.75987467e-02 5.27080384e-19)	12
0.6             	p               	3.33502027e-01	(7.81299420e-01 6.75987467e-02 -1.23816138e-18)	0	1.95777862e+00	(2.18700580e-01 6.75987467e-02 5.27080384e-19)	12
0.62            	p               	3.36829927e-01	(7.81299420e-01 6.75987467e-02 -1.23816138e-18)	0	1.95643715e+00	(2.18700580e-01 6.75987467e-02 5.27080384e-19)	12
0.64            	p               	3.40515440e-01	(7.81299420e-01 6.75987467e-02 -1.23816138e-18)	0	1.95500267e+00	(2.18700580e-01 6.75987467e-02 5.27080384e-19)	12
0.66            	p               	3.43981694e-01	(7.81299420e-01 6.75987467e-02 -1.23816138e-18)	0	1.95366133e+00	(2.18700580e-01 6.75987467e-02 5.27080384e-19)	12
0.68            	p               	3.47034469e-01	(7.81299420e-01 6.75987467e-02 -1.23816138e-18)	0	1.95256391e+00	(2.18700580e-01 6.75987467e-02 5.27080384e-19)	12
0.7             	p               	3.49705496e-01	(7.81299420e-01 6.75987467e-02 -1.23816138e-18)	0	1.95189726e+00	(2.18700580e-01 6.75987467e-02 5.27080384e-19)	12
0.72            	p               	3.52107219e-01	(7.81299420e-01 6.75987467e-02 -1.23816138e-18)	0	1.95184835e+00	(2.18700580e-01 6.75987467e-02 5.27080384e-19)	12
0.74            	p               	3.54426154e-01	(7.81299420e-01 6.75987467e-02 -1.23816138e-18)	0	1.95242953e+00	(2.18700580e-01 6.75987467e-02 5.27080384e-19)	12
0.76            	p               	3.56888546e-01	(7.81299420e-01 6.75987467e-02 -1.23816138e-18)	0	1.95333283e+00	(2.18700580e-01 6.75987467e-02 5.27080384e-19)	12
0.78            	p               	3.59627491e-01	(7.81299420e-01 6.75987467e-02 -1.23816138e-18)	0	1.95403996e+00	(2.18700580e-01 6.75987467e-02 5.27080384e-19)	12
0.8             	p               	3.62574704e-01	(7.81299420e-01 6.75987467e-02 -1.23816138e-18)	0	1.95413401e+00	(2.18700580e-01 6.75987467e-02 5.27080384e-19)	12
0.82            	p               	3.65498456e-01	(7.81299420e-01 6.75987467e-02 -1.23816138e-18)	0	1.95349992e+00	(2.18700580e-01 6.75987467e-02 5.27080384e-19)	12
0.84            	p               	3.68186629e-01	(7.81299420e-01 6.75987467e-02 -1.23816138e-18)	0	1.95230365e+00	(2.18700580e-01 6.75987467e-02 5.27080384e-19)	12
0.86            	p               	3.70628582e-01	(7.81299420e-01 6.75987467e-02 -1.23816138e-18)	0	1.95091153e+00	(2.18700580e-01 6.75987467e-02 5.27080384e-19)	12
0.88            	p               	3.72997987e-01	(7.81299420e-01 6.75987467e-02 -1.23816138e-18)	0	1.94981913e+00	(2.18700580e-01 6.75987467e-02 5.27080384e-19)	12
0.9             	p               	3.75448718e-01	(7.81299420e-01 6.75987467e-02 -1.23816138e-18)	0	1.94946977e+00	(2.18700580e-01 6.75987467e-02 5.27080384e-19)	12
0.92            	p               	3.77954307e-01	(7.81299420e-01 6.75987467e-02 -1.23816138e-18)	0	1.94996650e+00	(2.18700580e-01 6.75987467e-02 5.27080384e-19)	12
0.94            	p               	3.80309598e-01	(7.81299420e-01 6.75987467e-02 -1.23816138e-18)	0	1.95096838e+00	(2.18700580e-01 6.75987467e-02 5.27080384e-19)	12
0.96            	p               	3.82261152e-01	(7.81299420e-01 6.75987467e-02 -1.23816138e-18)	0	1.95193612e+00	(2.18700580e-01 6.75987467e-02 5.27080384e-19)	12
0.98            	p               	3.83690413e-01	(7.81299420e-01 6.75987467e-02 -1.23816138e-18)	0	1.95249670e+00	(2.18700580e-01 6.75987467e-02 5.27080384e-19)	12
1               	p               	3.84730258e-01	(7.81299420e-01 6.75987467e-02 -1.23816138e-18)	0	1.95260465e+00	(2.18700580e-01 6.75987467e-02 5.27080384e-19)	12
1.02            	p               	3.85680596e-01	(7.81299420e-01 6.75987467e-02 -1.23816138e-18)	0	1.95243991e+00	(2.18700580e-01 6.75987467e-02 5.27080384e-19)	12
1.04            	p               	3.86770704e-01	(7.81299420e-01 6.75987467e-02 -1.23816138e-18)	0	1.95219897e+00	(2.18700580e-01 6.75987467e-02 5.27080384e-19)	12
1.06            	p               	3.88010061e-01	(7.81299420e-01 6.75987467e-02 -1.23816138e-18)	0	1.95195513e+00	(2.18700580e-01 6.75987467e-02 5.27080384e-19)	12
1.08            	p               	3.89242506e-01	(7.81299420e-01 6.75987467e-02 -1.23816138e-18)	0	1.95166800e+00	(2.18700580e-01 6.75987467e-02 5.27080384e-19)	12
1.1             	p               	3.90291636e-01	(7.81299420e-01 6.75987467e-02 -1.23816138e-18)	0	1.95128858e+00	(2.18700580e-01 6.75987467e-02 5.27080384e-19)	12
1.12            	p               	3.91074024e-01	(7.81299420e-01 6.75987467e-02 -1.23816138e-18)	0	1.95085127e+00	(2.18700580e-01 6.75987467e-02 5.27080384e-19)	12
1.14            	p               	3.91629343e-01	(7.81299420e-01 6.75987467e-02 -1.23816138e-18)	0	1.95049142e+00	(2.18700580e-01 6.75987467e-02 5.27080384e-19)	12
1.16            	p               	3.92061932e-01	(7.81299420e-01 6.75987467e-02 -1.23816138e-18)	0	1.95038109e+00	(2.18700580e-01 6.75987467e-02 5.27080384e-19)	12
1.18            	p               	3.92441626e-01	(7.81299420e-01 6.75987467e-02 -1.23816138e-18)	0	1.95061307e+00	(2.18700580e-01 6.75987467e-02 5.27080384e-19)	12
1.2             	p               	3.92745531e-01	(7.81299420e-01 6.75987467e-02 -1.23816138e-18)	0	1.95111448e+00	(2.18700580e-01 6.75987467e-02 5.27080384e-19)	12
1.22            	p               	3.92896005e-01	(7.81299420e-01 6.75987467e-02 -1.23816138e-18)	0	1.95167486e+00	(2.18700580e-01 6.75987467e-02 5.27080384e-19)	12
1.24            	p               	3.92866100e-01	(7.81299420e-01 6.75987467e-02 -1.23816138e-18)	0	1.95207497e+00	(2.18700580e-01 6.75987467e-02 5.27080384e-19)	12
1.26            	p               	3.92751265e-01	(7.81299420e-01 6.75987467e-02 -1.23816138e-18)	0	1.95220556e+00	(2.18700580e-01 6.75987467e-02 5.27080384e-19)	12
1.28            	p               	3.92735943e-01	(7.81299420e-01 6.75987467e-02 -1.23816138e-18)	0	1.95209271e+00	(2.18700580e-01 6.75987467e-02 5.27080384e-19)	12
1.3             	p               	3.92978196e-01	(7.81299420e-01 6.75987467e-02 -1.23816138e-18)	0	1.95184211e+00	(2.18700580e-01 6.75987467e-02 5.27080384e-19)	12
1.32            	p               	3.93485873e-01	(7.81299420e-01 6.75987467e-02 -1.23816138e-18)	0	1.95156509e+00	(2.18700580e-01 6.75987467e-02 5.27080384e-19)	12
1.34            	p               	3.94067449e-01	(7.81299420e-01 6.75987467e-02 -1.23816138e-18)	0	1.95133305e+00	(2.18700580e-01 6.75987467e-02 5.27080384e-19)	12
1.36            	p               	3.94425444e-01	(7.81299420e-01 6.75987467e-02 -1.23816138e-18)	0	1.95117032e+00	(2.18700580e-01 6.75987467e-02 5.27080384e-19)	12
1.38            	p               	3.94379163e-01	(7.81299420e-01 6.75987467e-02 -1.23816138e-18)	0	1.95107295e+00	(2.18700580e-01 6.75987467e-02 5.27080384e-19)	12
1.4             	p               	3.94038700e-01	(7.81299420e-01 6.75987467e-02 -1.23816138e-18)	0	1.95103271e+00	(2.18700580e-01 6.75987467e-02 5.27080384e-19)	12
1.42            	p               	3.93717250e-01	(7.81299420e-01 6.75987467e-02 -1.23816138e-18)	0	1.95105008e+00	(2.18700580e-01 6.75987467e-02 5.27080384e-19)	12
1.44            	p               	3.93663093e-01	(7.81299420e-01 6.75987467e-02 -1.23816138e-18)	0	1.95113021e+00	(2.18700580e-01 6.75987467e-02 5.27080384e-19)	12
1.46            	p               	3.93878857e-01	(7.81299420e-01 6.75987467e-02 -1.23816138e-18)	0	1.95126732e+00	(2.18700580e-01 6.75987467e-02 5.27080384e-19)	12
1.48            	p               	3.94145238e-01	(7.81299420e-01 6.75987467e-02 -1.23816138e-18)	0	1.95143255e+00	(2.18700580e-01 6.75987467e-02 5.27080384e-19)	12
1.5             	p               	3.94208527e-01	(7.81299420e-01 6.75987467e-02 -1.23816138e-18)	0	1.95157824e+00	(2.18700580e-01 6.75987467e-02 5.27080384e-19)	12
1.52            	p               	3.94000915e-01	(7.81299420e-01 6.75987467e-02 -1.23816138e-18)	0	1.95165813e+00	(2.18700580e-01 6.75987467e-02 5.27080384e-19)	12
1.54            	p               	3.93710241e-01	(7.81299420e-01 6.75987467e-02 -1.23816138e-18)	0	1.95164943e+00	(2.18700580e-01 6.75987467e-02 5.27080384e-19)	12
1.56            	p               	3.93627717e-01	(7.81299420e-01 6.75987467e-02 -1.23816138e-18)	0	1.95156171e+00	(2.18700580e-01 6.75987467e-02 5.27080384e-19)	12
1.58            	p               	3.93886371e-01	(7.81299420e-01 6.75987467e-02 -1.23816138e-18)	0	1.95142960e+00	(2.18700580e-01 6.75987467e-02 5.27080384e-19)	12
1.6             	p               	3.94313856e-01	(7.81299420e-01 6.75987467e-02 -1.23816138e-18)	0	1.95129619e+00	(2.18700580e-01 6.75987467e-02 5.27080384e-19)	12
1.62            	p               	3.94529235e-01	(7.81299420e-01 6.75987467e-02 -1.23816138e-18)	0	1.95119601e+00	(2.18700580e-01 6.75987467e-02 5.27080384e-19)	12
1.64            	p               	3.94256159e-01	(7.81299420e-01 6.75987467e-02 -1.23816138e-18)	0	1.95114517e+00	(2.18700580e-01 6.75987467e-02 5.27080384e-19)	12
1.66            	p               	3.93595977e-01	(7.81299420e-01 6.75987467e-02 -1.23816138e-18)	0	1.95114131e+00	(2.18700580e-01 6.75987467e-02 5.27080384e-19)	12
1.68            	p               	3.92977579e-01	(7.81299420e-01 6.75987467e-02 -1.23816138e-18)	0	1.95117118e+00	(2.18700580e-01 6.75987467e-02 5.27080384e-19)	12
1.7             	p               	3.92879227e-01	(7.81299420e-01 6.75987467e-02 -1.23816138e-18)	0	1.95121986e+00	(2.18700580e-01 6.75987467e-02 5.27080384e-19)	12
1.72            	p               	3.93509039e-01	(7.81299420e-01 6.75987467e-02 -1.23816138e-18)	0	1.95127674e+00	(2.18700580e-01 6.75987467e-02 5.27080384e-19)	12
1.74            	p               	3.94587060e-01	(7.81299420e-01 6.75987467e-02 -1.23816138e-18)	0	1.95133560e+00	(2.18700580e-01 6.75987467e-02 5.27080384e-19)	12
1.76            	p               	3.95421539e-01	(7.81299420e-01 6.75987467e-02 -1.23816138e-18)	0	1.95139103e+00	(2.18700580e-01 6.75987467e-02 5.27080384e-19)	12
1.78            	p               	3.95387120e-01	(7.81299420e-01 6.75987467e-02 -1.23816138e-18)	0	1.95143598e+00	(2.18700580e-01 6.75987467e-02 5.27080384e-19)	12
1.8             	p               	3.94510586e-01	(7.81299420e-01 6.75987467e-02 -1.23816138e-18)	0	1.95146283e+00	(2.18700580e-01 6.75987467e-02 5.27080384e-19)	12
1.82            	p               	3.93381012e-01	(7.81299420e-01 6.75987467e-02 -1.23816138e-18)	0	1.95146658e+00	(2.18700580e-01 6.75987467e-02 5.27080384e-19)	12
1.84            	p               	3.92608795e-01	(7.81299420e-01 6.75987467e-02 -1.23816138e-18)	0	1.95144740e+00	(2.18700580e-01 6.75987467e-02 5.27080384e-19)	12
1.86            	p               	3.92566997e-01	(7.81299420e-01 6.75987467e-02 -1.23816138e-18)	0	1.95141102e+00	(2.18700580e-01 6.75987467e-02 5.27080384e-19)	12
1.88            	p               	3.93304485e-01	(7.81299420e-01 6.75987467e-02 -1.23816138e-18)	0	1.95136696e+00	(2.18700580e-01 6.75987467e-02 5.27080384e-19)	12
1.9             	p               	3.94466049e-01	(7.81299420e-01 6.75987467e-02 -1.23816138e-18)	0	1.95132590e+00	(2.18700580e-01 6.75987467e-02 5.27080384e-19)	12
1.92            	p               	3.95358905e-01	(7.81299420e-01 6.75987467e-02 -1.23816138e-18)	0	1.95129723e+00	(2.18700580e-01 6.75987467e-02 5.27080384e-19)	12
1.94            	p               	3.95332075e-01	(7.81299420e-01 6.75987467e-02 -1.23816138e-18)	0	1.95128734e+00	(2.18700580e-01 6.75987467e-02 5.27080384e-19)	12
1.96            	p               	3.94375942e-01	(7.81299420e-01 6.75987467e-02 -1.23816138e-18)	0	1.95129876e+00	(2.18700580e-01 6.75987467e-02 5.27080384e-19)	12
1.98            	p               	3.93134126e-01	(7.81299420e-01 6.75987467e-02 -1.23816138e-18)	0	1.95132982e+00	(2.18700580e-01 6.75987467e-02 5.27080384e-19)	12
2               	p               	3.92240772e-01	(7.81299420e-01 6.75987467e-02 -1.23816138e-18)	0	1.95137490e+00	(2.18700580e-01 6.75987467e-02 5.27080384e-19)	12
2.02            	p               	3.91984464e-01	(7.81299420e-01 6.75987467e-02 -1.23816138e-18)	0	1.95142556e+00	(2.18700580e-01 6.75987467e-02 5.27080384e-19)	12
2.04            	p               	3.92369714e-01	(7.81299420e-01 6.75987467e-02 -1.23816138e-18)	0	1.95147235e+00	(2.18700580e-01 6.75987467e-02 5.27080384e-19)	12
2.06            	p               	3.93201765e-01	(7.81299420e-01 6.75987467e-02 -1.23816138e-18)	0	1.95150690e+00	(2.18700580e-01 6.75987467e-02 5.27080384e-19)	12
2.08            	p               	3.94119247e-01	(7.81299420e-01 6.75987467e-02 -1.23816138e-18)	0	1.95152368e+00	(2.18700580e-01 6.75987467e-02 5.27080384e-19)	12
2.1             	p               	3.94663170e-01	(7.81299420e-01 6.75987467e-02 -1.23816138e-18)	0	1.95152087e+00	(2.18700580e-01 6.75987467e-02 5.27080384e-19)	12
2.12            	p               	3.94500102e-01	(7.81299420e-01 6.75987467e-02 -1.23816138e-18)	0	1.95150017e+00	(2.18700580e-01 6.75987467e-02 5.27080384e-19)	12
2.14            	p               	3.93736922e-01	(7.81299420e-01 6.75987467e-02 -1.23816138e-18)	0	1.95146599e+00	(2.18700580e-01 6.75987467e-02 5.27080384e-19)	12
2.16            	p               	3.92873027e-01	(7.81299420e-01 6.75987467e-02 -1.23816138e-18)	0	1.95142427e+00	(2.18700580e-01 6.75987467e-02 5.27080384e-19)	12
2.18            	p               	3.92369097e-01	(7.81299420e-01 6.75987467e-02 -1.23816138e-18)	0	1.95138156e+00	(2.18700580e-01 6.75987467e-02 5.27080384e-19)	12
2.2             	p               	3.92431043e-01	(7.81299420e-01 6.75987467e-02 -1.23816138e-18)	0	1.95134426e+00	(2.18700580e-01 6.75987467e-02 5.27080384e-19)	12
2.22            	p               	3.93043317e-01	(7.81299420e-01 6.75987467e-02 -1.23816138e-18)	0	1.95131792e+00	(2.18700580e-01 6.75987467e-02 5.27080384e-19)	12
2.24            	p               	3.93971189e-01	(7.81299420e-01 6.75987467e-02 -1.23816138e-18)	0	1.95130636e+00	(2.18700580e-01 6.75987467e-02 5.27080384e-19)	12
2.26            	p               	3.94757466e-01	(7.81299420e-01 6.75987467e-02 -1.23816138e-18)	0	1.95131048e+00	(2.18700580e-01 6.75987467e-02 5.27080384e-19)	12
2.28            	p               	3.94894070e-01	(7.81299420e-01 6.75987467e-02 -1.23816138e-18)	0	1.95132766e+00	(2.18700580e-01 6.75987467e-02 5.27080384e-19)	12
2.3             	p               	3.94232717e-01	(7.81299420e-01 6.75987467e-02 -1.23816138e-18)	0	1.95135174e+00	(2.18700580e-01 6.75987467e-02 5.27080384e-19)	12
2.32            	p               	3.93222762e-01	(7.81299420e-01 6.75987467e-02 -1.23816138e-18)	0	1.95137391e+00	(2.18700580e-01 6.75987467e-02 5.27080384e-19)	12
2.34            	p               	3.92561532e-01	(7.81299420e-01 6.75987467e-02 -1.23816138e-18)	0	1.95138469e+00	(2.18700580e-01 6.75987467e-02 5.27080384e-19)	12
2.36            	p               	3.92691527e-01	(7.81299420e-01 6.75987467e-02 -1.23816138e-18)	0	1.95137685e+00	(2.18700580e-01 6.75987467e-02 5.27080384e-19)	12
2.38            	p               	3.93543865e-01	(7.81299420e-01 6.75987467e-02 -1.23816138e-18)	0	1.95134851e+00	(2.18700580e-01 6.75987467e-02 5.27080384e-19)	12
2.4             	p               	3.94546444e-01	(7.81299420e-01 6.75987467e-02 -1.23816138e-18)	0	1.95130491e+00	(2.18700580e-01 6.75987467e-02 5.27080384e-19)	12
2.42            	p               	3.94915480e-01	(7.81299420e-01 6.75987467e-02 -1.23816138e-18)	0	1.95125736e+00	(2.18700580e-01 6.75987467e-02 5.27080384e-19)	12
2.44            	p               	3.94248742e-01	(7.81299420e-01 6.75987467e-02 -1.23816138e-18)	0	1.95121930e+00	(2.18700580e-01 6.75987467e-02 5.27080384e-19)	12
2.46            	p               	3.92937300e-01	(7.81299420e-01 6.75987467e-02 -1.23816138e-18)	0	1.95120164e+00	(2.18700580e-01 6.75987467e-02 5.27080384e-19)	12
2.48            	p               	3.91862635e-01	(7.81299420e-01 6.75987467e-02 -1.23816138e-18)	0	1.95120912e+00	(2.18700580e-01 6.75987467e-02 5.27080384e-19)	12
2.5             	p               	3.91823045e-01	(7.81299420e-01 6.75987467e-02 -1.23816138e-18)	0	1.95123938e+00	(2.18700580e-01 6.75987467e-02 5.27080384e-19)	12
2.52            	p               	3.93055697e-01	(7.81299420e-01 6.75987467e-02 -1.23816138e-18)	0	1.95128435e+00	(2.18700580e-01 6.75987467e-02 5.27080384e-19)	12
2.54            	p               	3.94963342e-01	(7.81299420e-01 6.75987467e-02 -1.23816138e-18)	0	1.95133353e+00	(2.18700580e-01 6.75987467e-02 5.27080384e-19)	12
2.56            	p               	3.96234148e-01	(7.81299420e-01 6.75987467e-02 -1.23816138e-18)	0	1.95137772e+00	(2.18700580e-01 6.75987467e-02 5.27080384e-19)	12
2.58            	p               	3.95758319e-01	(7.81299420e-01 6.75987467e-02 -1.23816138e-18)	0	1.95141149e+00	(2.18700580e-01 6.75987467e-02 5.27080384e-19)	12
2.6             	p               	3.93905555e-01	(7.81299420e-01 6.75987467e-02 -1.23816138e-18)	0	1.95143355e+00	(2.18700580e-01 6.75987467e-02 5.27080384e-19)	12
2.62            	p               	3.91930755e-01	(7.81299420e-01 6.75987467e-02 -1.23816138e-18)	0	1.95144539e+00	(2.18700580e-01 6.75987467e-02 5.27080384e-19)	12
2.64            	p               	3.90869742e-01	(7.81299420e-01 6.75987467e-02 -1.23816138e-18)	0	1.95144966e+00	(2.18700580e-01 6.75987467e-02 5.27080384e-19)	12
2.66            	p               	3.91363832e-01	(7.81299420e-01 6.75987467e-02 -1.23816138e-18)	0	1.95144931e+00	(2.18700580e-01 6.75987467e-02 5.27080384e-19)	12
2.68            	p               	3.93436105e-01	(7.81299420e-01 6.75987467e-02 -1.23816138e-18)	0	1.95144748e+00	(2.18700580e-01 6.75987467e-02 5.27080384e-19)	12
2.7             	p               	3.96214224e-01	(7.81299420e-01 6.75987467e-02 -1.23816138e-18)	0	1.95144745e+00	(2.18700580e-01 6.75987467e-02 5.27080384e-19)	12
2.72            	p               	3.97892286e-01	(7.81299420e-01 6.75987467e-02 -1.23816138e-18)	0	1.95145215e+00	(2.18700580e-01 6.75987467e-02 5.27080384e-19)	12
2.74            	p               	3.95829591e-01	(7.18799894e-01 7.83435919e-02 -4.21203696e-19)	13	1.95146303e+00	(2.18700580e-01 6.75987467e-02 5.27080384e-19)	12
2.76            	p               	3.93188104e-01	(7.18799894e-01 7.83435919e-02 -4.21203696e-19)	13	1.95147884e+00	(2.18700580e-01 6.75987467e-02 5.27080384e-19)	12
2.78            	p               	3.91925633e-01	(7.81299420e-01 6.75987467e-02 -1.23816138e-18)	0	1.95149518e+00	(2.18700580e-01 6.75987467e-02 5.27080384e-19)	12
2.8             	p               	3.90758122e-01	(7.81299420e-01 6.75987467e-02 -1.23816138e-18)	0	1.95150541e+00	(2.18700580e-01 6.75987467e-02 5.27080384e-19)	12
2.82            	p               	3.91106243e-01	(7.81299420e-01 6.75987467e-02 -1.23816138e-18)	0	1.95150304e+00	(2.18700580e-01 6.75987467e-02 5.27080384e-19)	12
2.84            	p               	3.92923991e-01	(7.81299420e-01 6.75987467e-02 -1.23816138e-18)	0	1.95148451e+00	(2.18700580e-01 6.75987467e-02 5.27080384e-19)	12
2.86            	p               	3.95592200e-01	(7.81299420e-01 6.75987467e-02 -1.23816138e-18)	0	1.95145107e+00	(2.18700580e-01 6.75987467e-02 5.27080384e-19)	12
2.88            	p               	3.97739254e-01	(7.81299420e-01 6.75987467e-02 -1.23816138e-18)	0	1.95140868e+00	(2.18700580e-01 6.75987467e-02 5.27080384e-19)	12
2.9             	p               	3.97650213e-01	(7.81299420e-01 6.75987467e-02 -1.23816138e-18)	0	1.95136590e+00	(2.18700580e-01 6.75987467e-02 5.27080384e-19)	12
2.92            	p               	3.93519435e-01	(7.18799894e-01 7.83435919e-02 -4.21203696e-19)	13	1.95133057e+00	(2.18700580e-01 6.75987467e-02 5.27080384e-19)	12
2.94            	p               	3.92647949e-01	(7.18799894e-01 7.83435919e-02 -4.21203696e-19)	13	1.95130696e+00	(2.18700580e-01 6.75987467e-02 5.27080384e-19)	12
2.96            	p               	3.91511902e-01	(7.81299420e-01 6.75987467e-02 -1.23816138e-18)	0	1.95129438e+00	(2.18700580e-01 6.75987467e-02 5.27080384e-19)	12
2.98            	p               	3.91148633e-01	(7.81299420e-01 6.75987467e-02 -1.23816138e-18)	0	1.95128835e+00	(2.18700580e-01 6.75987467e-02 5.27080384e-19)	12
3               	p               	3.91808697e-01	(7.81299420e-01 6.75987467e-02 -1.23816138e-18)	0	1.95128369e+00	(2.18700580e-01 6.75987467e-02 5.27080384e-19)	12
3.02            	p               	3.93364366e-01	(7.81299420e-01 6.75987467e-02 -1.23816138e-18)	0	1.95127788e+00	(2.18700580e-01 6.75987467e-02 5.27080384e-19)	12
3.04            	p               	3.95422669e-01	(7.81299420e-01 6.75987467e-02 -1.23816138e-18)	0	1.95127250e+00	(2.18700580e-01 6.75987467e-02 5.27080384e-19)	12
3.06            	p               	3.97052706e-01	(7.81299420e-01 6.75987467e-02 -1.23816138e-18)	0	1.95127176e+00	(2.18700580e-01 6.75987467e-02 5.27080384e-19)	12
3.08            	p               	3.96975399e-01	(7.18799894e-01 7.83435919e-02 -4.21203696e-19)	13	1.95127915e+00	(2.18700580e-01 6.75987467e-02 5.27080384e-19)	12
3.1             	p               	3.92831761e-01	(7.18799894e-01 7.83435919e-02 -4.21203696e-19)	13	1.95129421e+00	(2.18700580e-01 6.75987467e-02 5.27080384e-19)	12
3.12            	p               	3.91916497e-01	(7.18799894e-01 7.83435919e-02 -4.21203696e-19)	13	1.95131170e+00	(2.18700580e-01 6.75987467e-02 5.27080384e-19)	12
3.14            	p               	3.92253831e-01	(7.81299420e-01 6.75987467e-02 -1.23816138e-18)	0	1.95132391e+00	(2.18700580e-01 6.75987467e-02 5.27080384e-19)	12
3.16            	p               	3.91697826e-01	(7.81299420e-01 6.75987467e-02 -1.23816138e-18)	0	1.95132486e+00	(2.18700580e-01 6.75987467e-02 5.27080384e-19)	12
3.18            	p               	3.91920426e-01	(7.81299420e-01 6.75987467e-02 -1.23816138e-18)	0	1.95131398e+00	(2.18700580e-01 6.75987467e-02 5.27080384e-19)	12
3.2             	p               	3.93147546e-01	(7.81299420e-01 6.75987467e-02 -1.23816138e-18)	0	1.95129761e+00	(2.18700580e-01 6.75987467e-02 5.27080384e-19)	12
3.22            	p               	3.95255926e-01	(7.81299420e-01 6.75987467e-02 -1.23816138e-18)	0	1.95128671e+00	(2.18700580e-01 6.75987467e-02 5.27080384e-19)	12
3.24            	p               	3.97303614e-01	(7.81299420e-01 6.75987467e-02 -1.23816138e-18)	0	1.95129162e+00	(2.18700580e-01 6.75987467e-02 5.27080384e-19)	12
3.26            	p               	3.97379767e-01	(7.18799894e-01 7.83435919e-02 -4.21203696e-19)	13	1.95131713e+00	(2.18700580e-01 6.75987467e-02 5.27080384e-19)	12
3.28            	p               	3.92746996e-01	(7.18799894e-01 7.83435919e-02 -4.21203696e-19)	13	1.95136036e+00	(2.18700580e-01 6.75987467e-02 5.27080384e-19)	12
3.3             	p               	3.91466793e-01	(7.18799894e-01 7.83435919e-02 -4.21203696e-19)	13	1.95141240e+00	(2.18700580e-01 6.75987467e-02 5.27080384e-19)	12
3.32            	p               	3.91574128e-01	(7.81299420e-01 6.75987467e-02 -1.23816138e-18)	0	1.95146235e+00	(2.18700580e-01 6.75987467e-02 5.27080384e-19)	12
3.34            	p               	3.90961487e-01	(7.81299420e-01 6.75987467e-02 -1.23816138e-18)	0	1.95150147e+00	(2.18700580e-01 6.75987467e-02 5.27080384e-19)	12
3.36            	p               	3.91519792e-01	(7.81299420e-01 6.75987467e-02 -1.23816138e-18)	0	1.95152551e+00	(2.18700580e-01 6.75987467e-02 5.27080384e-19)	12
3.38            	p               	3.93325058e-01	(7.81299420e-01 6.75987467e-02 -1.23816138e-18)	0	1.95153467e+00	(2.18700580e-01 6.75987467e-02 5.27080384e-19)	12
3.4             	p               	3.95974964e-01	(7.81299420e-01 6.75987467e-02 -1.23816138e-18)	0	1.95153198e+00	(2.18700580e-01 6.75987467e-02 5.27080384e-19)	12
3.42            	p               	3.98180971e-01	(7.81299420e-01 6.75987467e-02 -1.23816138e-18)	0	1.95152117e+00	(2.18700580e-01 6.75987467e-02 5.27080384e-19)	12
3.44            	p               	3.96778420e-01	(7.18799894e-01 7.83435919e-02 -4.21203696e-19)	13	1.95150525e+00	(2.18700580e-01 6.75987467e-02 5.27080384e-19)	12
3.46            	p               	3.92276270e-01	(7.18799894e-01 7.83435919e-02 -4.21203696e-19)	13	1.95148595e+00	(2.18700580e-01 6.75987467e-02 5.27080384e-19)	12
3.48            	p               	3.91385138e-01	(7.18799894e-01 7.83435919e-02 -4.21203696e-19)	13	1.95146391e+00	(2.18700580e-01 6.75987467e-02 5.27080384e-19)	12
3.5             	p               	3.91644281e-01	(7.81299420e-01 6.75987467e-02 -1.23816138e-18)	0	1.95143942e+00	(2.18700580e-01 6.75987467e-02 5.27080384e-19)	12
3.52            	p               	3.91259885e-01	(7.81299420e-01 6.75987467e-02 -1.23816138e-18)	0	1.95141333e+00	(2.18700580e-01 6.75987467e-02 5.27080384e-19)	12
3.54            	p               	3.91818893e-01	(7.81299420e-01 6.75987467e-02 -1.23816138e-18)	0	1.95138783e+00	(2.18700580e-01 6.75987467e-02 5.27080384e-19)	12
3.56            	p               	3.93323566e-01	(7.81299420e-01 6.75987467e-02 -1.23816138e-18)	0	1.95136622e+00	(2.18700580e-01 6.75987467e-02 5.27080384e-19)	12
3.58            	p               	3.95546449e-01	(7.81299420e-01 6.75987467e-02 -1.23816138e-18)	0	1.95135196e+00	(2.18700580e-01 6.75987467e-02 5.27080384e-19)	12
3.6             	p               	3.97575828e-01	(7.81299420e-01 6.75987467e-02 -1.23816138e-18)	0	1.95134727e+00	(2.18700580e-01 6.75987467e-02 5.27080384e-19)	12
3.62            	p               	3.97415777e-01	(7.18799894e-01 7.83435919e-02 -4.21203696e-19)	13	1.95135151e+00	(2.18700580e-01 6.75987467e-02 5.27080384e-19)	12
3.64            	p               	3.92368850e-01	(7.18799894e-01 7.83435919e-02 -4.21203696e-19)	13	1.95135982e+00	(2.18700580e-01 6.75987467e-02 5.27080384e-19)	12
3.66            	p               	3.90654311e-01	(7.18799894e-01 7.83435919e-02 -4.21203696e-19)	13	1.95136370e+00	(2.18700580e-01 6.75987467e-02 5.27080384e-19)	12
3.68            	p               	3.91988705e-01	(7.81299420e-01 6.75987467e-02 -1.23816138e-18)	0	1.95135405e+00	(2.18700580e-01 6.75987467e-02 5.27080384e-19)	12
3.7             	p               	3.91420436e-01	(7.81299420e-01 6.75987467e-02 -1.23816138e-18)	0	1.95132617e+00	(2.18700580e-01 6.75987467e-02 5.27080384e-19)	12
3.72            	p               	3.91641173e-01	(7.81299420e-01 6.75987467e-02 -1.23816138e-18)	0	1.95128364e+00	(2.18700580e-01 6.75987467e-02 5.27080384e-19)	12
3.74            	p               	3.92658263e-01	(7.81299420e-01 6.75987467e-02 -1.23816138e-18)	0	1.95123868e+00	(2.18700580e-01 6.75987467e-02 5.27080384e-19)	12
3.76            	p               	3.94538684e-01	(7.81299420e-01 6.75987467e-02 -1.23816138e-18)	0	1.95120774e+00	(2.18700580e-01 6.75987467e-02 5.27080384e-19)	12
3.78            	p               	3.96763805e-01	(7.81299420e-01 6.75987467e-02 -1.23816138e-18)	0	1.95120413e+00	(2.18700580e-01 6.75987467e-02 5.27080384e-19)	12
3.8             	p               	3.97919097e-01	(7.81299420e-01 6.75987467e-02 -1.23816138e-18)	0	1.95123141e+00	(2.18700580e-01 6.75987467e-02 5.27080384e-19)	12
3.82            	p               	3.93672884e-01	(7.18799894e-01 7.83435919e-02 -4.21203696e-19)	13	1.95128093e+00	(2.18700580e-01 6.75987467e-02 5.27080384e-19)	12
3.84            	p               	3.90402347e-01	(7.18799894e-01 7.83435919e-02 -4.21203696e-19)	13	1.95133490e+00	(2.18700580e-01 6.75987467e-02 5.27080384e-19)	12
3.86            	p               	3.91294935e-01	(7.18799894e-01 7.83435919e-02 -4.21203696e-19)	13	1.95137354e+00	(2.18700580e-01 6.75987467e-02 5.27080384e-19)	12
3.88            	p               	3.91147613e-01	(7.81299420e-01 6.75987467e-02 -1.23816138e-18)	0	1.95138416e+00	(2.18700580e-01 6.75987467e-02 5.27080384e-19)	12
3.9             	p               	3.91170467e-01	(7.81299420e-01 6.75987467e-02 -1.23816138e-18)	0	1.95136722e+00	(2.18700580e-01 6.75987467e-02 5.27080384e-19)	12
3.92            	p               	3.92013303e-01	(7.81299420e-01 6.75987467e-02 -1.23816138e-18)	0	1.95133546e+00	(2.18700580e-01 6.75987467e-02 5.27080384e-19)	12
3.94            	p               	3.93757545e-01	(7.81299420e-01 6.75987467e-02 -1.23816138e-18)	0	1.95130733e+00	(2.18700580e-01 6.75987467e-02 5.27080384e-19)	12
3.96            	p               	3.96112021e-01	(7.81299420e-01 6.75987467e-02 -1.23816138e-18)	0	1.95129912e+00	(2.18700580e-01 6.75987467e-02 5.27080384e-19)	12
3.98            	p               	3.97931122e-01	(7.81299420e-01 6.75987467e-02 -1.23816138e-18)	0	1.95131939e+00	(2.18700580e-01 6.75987467e-02 5.27080384e-19)	12
4               	p               	3.95950555e-01	(7.18799894e-01 7.83435919e-02 -4.21203696e-19)	13	1.95136720e+00	(2.18700580e-01 6.75987467e-02 5.27080384e-19)	12
4.02            	p               	3.91326532e-01	(7.18799894e-01 7.83435919e-02 -4.21203696e-19)	13	1.95143332e+00	(2.18700580e-01 6.75987467e-02 5.27080384e-19)	12
4.04            	p               	3.90478382e-01	(7.18799894e-01 7.83435919e-02 -4.21203696e-19)	13	1.95150331e+00	(2.18700580e-01 6.75987467e-02 5.27080384e-19)	12
4.06            	p               	3.91500801e-01	(7.81299420e-01 6.75987467e-02 -1.23816138e-18)	0	1.95156135e+00	(2.18700580e-01 6.75987467e-02 5.27080384e-19)	12
4.08            	p               	3.91236624e-01	(7.81299420e-01 6.75987467e-02 -1.23816138e-18)	0	1.95159425e+00	(2.18700580e-01 6.75987467e-02 5.27080384e-19)	12
4.1             	p               	3.91759829e-01	(7.81299420e-01 6.75987467e-02 -1.23816138e-18)	0	1.95159483e+00	(2.18700580e-01 6.75987467e-02 5.27080384e-19)	12
4.12            	p               	3.93090988e-01	(7.81299420e-01 6.75987467e-02 -1.23816138e-18)	0	1.95156385e+00	(2.18700580e-01 6.75987467e-02 5.27080384e-19)	12
4.14            	p               	3.95204286e-01	(7.81299420e-01 6.75987467e-02 -1.23816138e-18)	0	1.95150994e+00	(2.18700580e-01 6.75987467e-02 5.27080384e-19)	12
4.16            	p               	3.97410634e-01	(7.81299420e-01 6.75987467e-02 -1.23816138e-18)	0	1.95144745e+00	(2.18700580e-01 6.75987467e-02 5.27080384e-19)	12
4.18            	p               	3.98179452e-01	(7.81299420e-01 6.75987467e-02 -1.23816138e-18)	0	1.95139251e+00	(2.18700580e-01 6.75987467e-02 5.27080384e-19)	12
4.2             	p               	3.93099585e-01	(7.18799894e-01 7.83435919e-02 -4.21203696e-19)	13	1.95135802e+00	(2.18700580e-01 6.75987467e-02 5.27080384e-19)	12
4.22            	p               	3.90338300e-01	(7.18799894e-01 7.83435919e-02 -4.21203696e-19)	13	1.95134912e+00	(2.18700580e-01 6.75987467e-02 5.27080384e-19)	12
4.24            	p               	3.91838638e-01	(7.18799894e-01 7.83435919e-02 -4.21203696e-19)	13	1.95136116e+00	(2.18700580e-01 6.75987467e-02 5.27080384e-19)	12
4.26            	p               	3.91422858e-01	(7.81299420e-01 6.75987467e-02 -1.23816138e-18)	0	1.95138171e+00	(2.18700580e-01 6.75987467e-02 5.27080384e-19)	12
4.28            	p               	3.91560299e-01	(7.81299420e-01 6.75987467e-02 -1.23816138e-18)	0	1.95139583e+00	(2.18700580e-01 6.75987467e-02 5.27080384e-19)	12
4.3             	p               	3.92375349e-01	(7.81299420e-01 6.75987467e-02 -1.23816138e-18)	0	1.95139260e+00	(2.18700580e-01 6.75987467e-02 5.27080384e-19)	12
4.32            	p               	3.93986208e-01	(7.81299420e-01 6.75987467e-02 -1.23816138e-18)	0	1.95137001e+00	(2.18700580e-01 6.75987467e-02 5.27080384e-19)	12
4.34            	p               	3.96154220e-01	(7.81299420e-01 6.75987467e-02 -1.23816138e-18)	0	1.95133544e+00	(2.18700580e-01 6.75987467e-02 5.27080384e-19)	12
4.36            	p               	3.97818246e-01	(7.81299420e-01 6.75987467e-02 -1.23816138e-18)	0	1.95130142e+00	(2.18700580e-01 6.75987467e-02 5.27080384e-19)	12
4.38            	p               	3.95720903e-01	(7.18799894e-01 7.83435919e-02 -4.21203696e-19)	13	1.95127887e+00	(2.18700580e-01 6.75987467e-02 5.27080384e-19)	12
4.4             	p               	3.91161994e-01	(7.18799894e-01 7.83435919e-02 -4.21203696e-19)	13	1.95127166e+00	(2.18700580e-01 6.75987467e-02 5.27080384e-19)	12
4.42            	p               	3.90285448e-01	(7.18799894e-01 7.83435919e-02 -4.21203696e-19)	13	1.95127547e+00	(2.18700580e-01 6.75987467e-02 5.27080384e-19)	12
4.44            	p               	3.91568122e-01	(7.81299420e-01 6.75987467e-02 -1.23816138e-18)	0	1.95128148e+00	(2.18700580e-01 6.75987467e-02 5.27080384e-19)	12
4.46            	p               	3.91269349e-01	(7.81299420e-01 6.75987467e-02 -1.23816138e-18)	0	1.95128243e+00	(2.18700580e-01 6.75987467e-02 5.27080384e-19)	12
4.48            	p               	3.91705217e-01	(7.81299420e-01 6.75987467e-02 -1.23816138e-18)	0	1.95127699e+00	(2.18700580e-01 6.75987467e-02 5.27080384e-19)	12
4.5             	p               	3.92866386e-01	(7.81299420e-01 6.75987467e-02 -1.23816138e-18)	0	1.95127003e+00	(2.18700580e-01 6.75987467e-02 5.27080384e-19)	12
4.52            	p               	3.94782336e-01	(7.81299420e-01 6.75987467e-02 -1.23816138e-18)	0	1.95126904e+00	(2.18700580e-01 6.75987467e-02 5.27080384e-19)	12
4.54            	p               	3.96867878e-01	(7.81299420e-01 6.75987467e-02 -1.23816138e-18)	0	1.95127930e+00	(2.18700580e-01 6.75987467e-02 5.27080384e-19)	12
4.56            	p               	3.97729275e-01	(7.81299420e-01 6.75987467e-02 -1.23816138e-18)	0	1.95130048e+00	(2.18700580e-01 6.75987467e-02 5.27080384e-19)	12
4.58            	p               	3.93388764e-01	(7.18799894e-01 7.83435919e-02 -4.21203696e-19)	13	1.95132679e+00	(2.18700580e-01 6.75987467e-02 5.27080384e-19)	12
4.6             	p               	3.90419328e-01	(7.18799894e-01 7.83435919e-02 -4.21203696e-19)	13	1.95135097e+00	(2.18700580e-01 6.75987467e-02 5.27080384e-19)	12
4.62            	p               	3.91527123e-01	(7.18799894e-01 7.83435919e-02 -4.21203696e-19)	13	1.95136888e+00	(2.18700580e-01 6.75987467e-02 5.27080384e-19)	12
4.64            	p               	3.91509765e-01	(7.81299420e-01 6.75987467e-02 -1.23816138e-18)	0	1.95138146e+00	(2.18700580e-01 6.75987467e-02 5.27080384e-19)	12
4.66            	p               	3.91556856e-01	(7.81299420e-01 6.75987467e-02 -1.23816138e-18)	0	1.95139339e+00	(2.18700580e-01 6.75987467e-02 5.27080384e-19)	12
4.68            	p               	3.92236318e-01	(7.81299420e-01 6.75987467e-02 -1.23816138e-18)	0	1.95140999e+00	(2.18700580e-01 6.75987467e-02 5.27080384e-19)	12
4.7             	p               	3.93676984e-01	(7.81299420e-01 6.75987467e-02 -1.23816138e-18)	0	1.95143427e+00	(2.18700580e-01 6.75987467e-02 5.27080384e-19)	12
4.72            	p               	3.95710389e-01	(7.81299420e-01 6.75987467e-02 -1.23816138e-18)	0	1.95146542e+00	(2.18700580e-01 6.75987467e-02 5.27080384e-19)	12
4.74            	p               	3.97418391e-01	(7.81299420e-01 6.75987467e-02 -1.23816138e-18)	0	1.95149901e+00	(2.18700580e-01 6.75987467e-02 5.27080384e-19)	12
4.76            	p               	3.96767636e-01	(7.18799894e-01 7.83435919e-02 -4.21203696e-19)	13	1.95152824e+00	(2.18700580e-01 6.75987467e-02 5.27080384e-19)	12
4.78            	p               	3.92027302e-01	(7.18799894e-01 7.83435919e-02 -4.21203696e-19)	13	1.95154580e+00	(2.18700580e-01 6.75987467e-02 5.27080384e-19)	12
4.8             	p               	3.90667087e-01	(7.18799894e-01 7.83435919e-02 -4.21203696e-19)	13	1.95154579e+00	(2.18700580e-01 6.75987467e-02 5.27080384e-19)	12
4.82            	p               	3.92235309e-01	(7.81299420e-01 6.75987467e-02 -1.23816138e-18)	0	1.95152561e+00	(2.18700580e-01 6.75987467e-02 5.27080384e-19)	12
4.84            	p               	3.91851230e-01	(7.81299420e-01 6.75987467e-02 -1.23816138e-18)	0	1.95148744e+00	(2.18700580e-01 6.75987467e-02 5.27080384e-19)	12
4.86            	p               	3.92071330e-01	(7.81299420e-01 6.75987467e-02 -1.23816138e-18)	0	1.95143861e+00	(2.18700580e-01 6.75987467e-02 5.27080384e-19)	12
4.88            	p               	3.92906087e-01	(7.81299420e-01 6.75987467e-02 -1.23816138e-18)	0	1.95139015e+00	(2.18700580e-01 6.75987467e-02 5.27080384e-19)	12
4.9             	p               	3.94479998e-01	(7.81299420e-01 6.75987467e-02 -1.23816138e-18)	0	1.95135354e+00	(2.18700580e-01 6.75987467e-02 5.27080384e-19)	12
4.92            	p               	3.96422617e-01	(7.81299420e-01 6.75987467e-02 -1.23816138e-18)	0	1.95133695e+00	(2.18700580e-01 6.75987467e-02 5.27080384e-19)	12
4.94            	p               	3.97592598e-01	(7.81299420e-01 6.75987467e-02 -1.23816138e-18)	0	1.95134220e+00	(2.18700580e-01 6.75987467e-02 5.27080384e-19)	12
4.96            	p               	3.94697791e-01	(7.18799894e-01 7.83435919e-02 -4.21203696e-19)	13	1.95136324e+00	(2.18700580e-01 6.75987467e-02 5.27080384e-19)	12
4.98            	p               	3.91086562e-01	(7.18799894e-01 7.83435919e-02 -4.21203696e-19)	13	1.95138718e+00	(2.18700580e-01 6.75987467e-02 5.27080384e-19)	12
5               	p               	3.91069230e-01	(7.18799894e-01 7.83435919e-02 -4.21203696e-19)	13	1.95139873e+00	(2.18700580e-01 6.75987467e-02 5.27080384e-19)	12
5.02            	p               	3.92080132e-01	(7.81299420e-01 6.75987467e-02 -1.23816138e-18)	0	1.95138668e+00	(2.18700580e-01 6.75987467e-02 5.27080384e-19)	12
5.04            	p               	3.91888290e-01	(7.81299420e-01 6.75987467e-02 -1.23816138e-18)	0	1.95134969e+00	(2.18700580e-01 6.75987467e-02 5.27080384e-19)	12
5.06            	p               	3.92215017e-01	(7.81299420e-01 6.75987467e-02 -1.23816138e-18)	0	1.95129790e+00	(2.18700580e-01 6.75987467e-02 5.27080384e-19)	12
5.08            	p               	3.93183053e-01	(7.81299420e-01 6.75987467e-02 -1.23816138e-18)	0	1.95124910e+00	(2.18700580e-01 6.75987467e-02 5.27080384e-19)	12
5.1             	p               	3.94842635e-01	(7.81299420e-01 6.75987467e-02 -1.23816138e-18)	0	1.95122092e+00	(2.18700580e-01 6.75987467e-02 5.27080384e-19)	12
5.12            	p               	3.96633030e-01	(7.81299420e-01 6.75987467e-02 -1.23816138e-18)	0	1.95122282e+00	(2.18700580e-01 6.75987467e-02 5.27080384e-19)	12
5.14            	p               	3.97298507e-01	(7.81299420e-01 6.75987467e-02 -1.23816138e-18)	0	1.95125184e+00	(2.18700580e-01 6.75987467e-02 5.27080384e-19)	12
5.16            	p               	3.93189389e-01	(7.18799894e-01 7.83435919e-02 -4.21203696e-19)	13	1.95129418e+00	(2.18700580e-01 6.75987467e-02 5.27080384e-19)	12
5.18            	p               	3.90574665e-01	(7.18799894e-01 7.83435919e-02 -4.21203696e-19)	13	1.95133167e+00	(2.18700580e-01 6.75987467e-02 5.27080384e-19)	12
5.2             	p               	3.91756502e-01	(7.18799894e-01 7.83435919e-02 -4.21203696e-19)	13	1.95134951e+00	(2.18700580e-01 6.75987467e-02 5.27080384e-19)	12
5.22            	p               	3.91867532e-01	(7.81299420e-01 6.75987467e-02 -1.23816138e-18)	0	1.95134228e+00	(2.18700580e-01 6.75987467e-02 5.27080384e-19)	12
5.24            	p               	3.91816468e-01	(7.81299420e-01 6.75987467e-02 -1.23816138e-18)	0	1.95131648e+00	(2.18700580e-01 6.75987467e-02 5.27080384e-19)	12
5.26            	p               	3.92312669e-01	(7.81299420e-01 6.75987467e-02 -1.23816138e-18)	0	1.95128759e+00	(2.18700580e-01 6.75987467e-02 5.27080384e-19)	12
5.28            	p               	3.93541355e-01	(7.81299420e-01 6.75987467e-02 -1.23816138e-18)	0	1.95127287e+00	(2.18700580e-01 6.75987467e-02 5.27080384e-19)	12
5.3             	p               	3.95392498e-01	(7.81299420e-01 6.75987467e-02 -1.23816138e-18)	0	1.95128384e+00	(2.18700580e-01 6.75987467e-02 5.27080384e-19)	12
5.32            	p               	3.97033262e-01	(7.81299420e-01 6.75987467e-02 -1.23816138e-18)	0	1.95132212e+00	(2.18700580e-01 6.75987467e-02 5.27080384e-19)	12
5.34            	p               	3.96856262e-01	(7.18799894e-01 7.83435919e-02 -4.21203696e-19)	13	1.95137983e+00	(2.18700580e-01 6.75987467e-02 5.27080384e-19)	12
5.36            	p               	3.92153321e-01	(7.18799894e-01 7.83435919e-02 -4.21203696e-19)	13	1.95144327e+00	(2.18700580e-01 6.75987467e-02 5.27080384e-19)	12
5.38            	p               	3.90689437e-01	(7.18799894e-01 7.83435919e-02 -4.21203696e-19)	13	1.95149770e+00	(2.18700580e-01 6.75987467e-02 5.27080384e-19)	12
5.4             	p               	3.92317407e-01	(7.81299420e-01 6.75987467e-02 -1.23816138e-18)	0	1.95153159e+00	(2.18700580e-01 6.75987467e-02 5.27080384e-19)	12
5.42            	p               	3.91858015e-01	(7.81299420e-01 6.75987467e-02 -1.23816138e-18)	0	1.95153949e+00	(2.18700580e-01 6.75987467e-02 5.27080384e-19)	12
5.44            	p               	3.91990107e-01	(7.81299420e-01 6.75987467e-02 -1.23816138e-18)	0	1.95152309e+00	(2.18700580e-01 6.75987467e-02 5.27080384e-19)	12
5.46            	p               	3.92764410e-01	(7.81299420e-01 6.75987467e-02 -1.23816138e-18)	0	1.95149055e+00	(2.18700580e-01 6.75987467e-02 5.27080384e-19)	12
5.48            	p               	3.94324043e-01	(7.81299420e-01 6.75987467e-02 -1.23816138e-18)	0	1.95145403e+00	(2.18700580e-01 6.75987467e-02 5.27080384e-19)	12
5.5             	p               	3.96309334e-01	(7.81299420e-01 6.75987467e-02 -1.23816138e-18)	0	1.95142600e+00	(2.18700580e-01 6.75987467e-02 5.27080384e-19)	12
5.52            	p               	3.97573955e-01	(7.81299420e-01 6.75987467e-02 -1.23816138e-18)	0	1.95141517e+00	(2.18700580e-01 6.75987467e-02 5.27080384e-19)	12
5.54            	p               	3.94911373e-01	(7.18799894e-01 7.83435919e-02 -4.21203696e-19)	13	1.95142314e+00	(2.18700580e-01 6.75987467e-02 5.27080384e-19)	12
5.56            	p               	3.91203039e-01	(7.18799894e-01 7.83435919e-02 -4.21203696e-19)	13	1.95144331e+00	(2.18700580e-01 6.75987467e-02 5.27080384e-19)	12
5.58            	p               	3.91100727e-01	(7.18799894e-01 7.83435919e-02 -4.21203696e-19)	13	1.95146293e+00	(2.18700580e-01 6.75987467e-02 5.27080384e-19)	12
5.6             	p               	3.92067100e-01	(7.81299420e-01 6.75987467e-02 -1.23816138e-18)	0	1.95146816e+00	(2.18700580e-01 6.75987467e-02 5.27080384e-19)	12
5.62            	p               	3.91861712e-01	(7.81299420e-01 6.75987467e-02 -1.23816138e-18)	0	1.95145007e+00	(2.18700580e-01 6.75987467e-02 5.27080384e-19)	12
5.64            	p               	3.92228543e-01	(7.81299420e-01 6.75987467e-02 -1.23816138e-18)	0	1.95140880e+00	(2.18700580e-01 6.75987467e-02 5.27080384e-19)	12
5.66            	p               	3.93300995e-01	(7.81299420e-01 6.75987467e-02 -1.23816138e-18)	0	1.95135417e+00	(2.18700580e-01 6.75987467e-02 5.27080384e-19)	12
5.68            	p               	3.95097481e-01	(7.81299420e-01 6.75987467e-02 -1.23816138e-18)	0	1.95130268e+00	(2.18700580e-01 6.75987467e-02 5.27080384e-19)	12
5.7             	p               	3.96981049e-01	(7.81299420e-01 6.75987467e-02 -1.23816138e-18)	0	1.95127106e+00	(2.18700580e-01 6.75987467e-02 5.27080384e-19)	12
5.72            	p               	3.97593165e-01	(7.81299420e-01 6.75987467e-02 -1.23816138e-18)	0	1.95126865e+00	(2.18700580e-01 6.75987467e-02 5.27080384e-19)	12
5.74            	p               	3.93021980e-01	(7.18799894e-01 7.83435919e-02 -4.21203696e-19)	13	1.95129219e+00	(2.18700580e-01 6.75987467e-02 5.27080384e-19)	12
5.76            	p               	3.90460607e-01	(7.18799894e-01 7.83435919e-02 -4.21203696e-19)	13	1.95132650e+00	(2.18700580e-01 6.75987467e-02 5.27080384e-19)	12
5.78            	p               	3.91851894e-01	(7.18799894e-01 7.83435919e-02 -4.21203696e-19)	13	1.95135136e+00	(2.18700580e-01 6.75987467e-02 5.27080384e-19)	12
5.8             	p               	3.91692216e-01	(7.81299420e-01 6.75987467e-02 -1.23816138e-18)	0	1.95135143e+00	(2.18700580e-01 6.75987467e-02 5.27080384e-19)	12
5.82            	p               	3.91725356e-01	(7.81299420e-01 6.75987467e-02 -1.23816138e-18)	0	1.95132367e+00	(2.18700580e-01 6.75987467e-02 5.27080384e-19)	12
5.84            	p               	3.92369234e-01	(7.81299420e-01 6.75987467e-02 -1.23816138e-18)	0	1.95127861e+00	(2.18700580e-01 6.75987467e-02 5.27080384e-19)	12
5.86            	p               	3.93775824e-01	(7.81299420e-01 6.75987467e-02 -1.23816138e-18)	0	1.95123518e+00	(2.18700580e-01 6.75987467e-02 5.27080384e-19)	12
5.88            	p               	3.95750415e-01	(7.81299420e-01 6.75987467e-02 -1.23816138e-18)	0	1.95121200e+00	(2.18700580e-01 6.75987467e-02 5.27080384e-19)	12
5.9             	p               	3.97328804e-01	(7.81299420e-01 6.75987467e-02 -1.23816138e-18)	0	1.95121932e+00	(2.18700580e-01 6.75987467e-02 5.27080384e-19)	12
5.92            	p               	3.96080717e-01	(7.18799894e-01 7.83435919e-02 -4.21203696e-19)	13	1.95125505e+00	(2.18700580e-01 6.75987467e-02 5.27080384e-19)	12
5.94            	p               	3.91633647e-01	(7.18799894e-01 7.83435919e-02 -4.21203696e-19)	13	1.95130619e+00	(2.18700580e-01 6.75987467e-02 5.27080384e-19)	12
5.96            	p               	3.90584633e-01	(7.18799894e-01 7.83435919e-02 -4.21203696e-19)	13	1.95135566e+00	(2.18700580e-01 6.75987467e-02 5.27080384e-19)	12
5.98            	p               	3.91983388e-01	(7.81299420e-01 6.75987467e-02 -1.23816138e-18)	0	1.95139033e+00	(2.18700580e-01 6.75987467e-02 5.27080384e-19)	12
6               	p               	3.91605959e-01	(7.81299420e-01 6.75987467e-02 -1.23816138e-18)	0	1.95140556e+00	(2.18700580e-01 6.75987467e-02 5.27080384e-19)	12
6.02            	p               	3.91861017e-01	(7.81299420e-01 6.75987467e-02 -1.23816138e-18)	0	1.95140488e+00	(2.18700580e-01 6.75987467e-02 5.27080384e-19)	12
6.04            	p               	3.92810657e-01	(7.81299420e-01 6.75987467e-02 -1.23816138e-18)	0	1.95139661e+00	(2.18700580e-01 6.75987467e-02 5.27080384e-19)	12
6.06            	p               	3.94538438e-01	(7.81299420e-01 6.75987467e-02 -1.23816138e-18)	0	1.95139013e+00	(2.18700580e-01 6.75987467e-02 5.27080384e-19)	12
6.08            	p               	3.96559895e-01	(7.81299420e-01 6.75987467e-02 -1.23816138e-18)	0	1.95139311e+00	(2.18700580e-01 6.75987467e-02 5.27080384e-19)	12
6.1             	p               	3.97599480e-01	(7.81299420e-01 6.75987467e-02 -1.23816138e-18)	0	1.95140991e+00	(2.18700580e-01 6.75987467e-02 5.27080384e-19)	12
6.12            	p               	3.94096308e-01	(7.18799894e-01 7.83435919e-02 -4.21203696e-19)	13	1.95144047e+00	(2.18700580e-01 6.75987467e-02 5.27080384e-19)	12
6.14            	p               	3.90906667e-01	(7.18799894e-01 7.83435919e-02 -4.21203696e-19)	13	1.95147972e+00	(2.18700580e-01 6.75987467e-02 5.27080384e-19)	12
6.16            	p               	3.91497686e-01	(7.18799894e-01 7.83435919e-02 -4.21203696e-19)	13	1.95151827e+00	(2.18700580e-01 6.75987467e-02 5.27080384e-19)	12
6.18            	p               	3.91910017e-01	(7.81299420e-01 6.75987467e-02 -1.23816138e-18)	0	1.95154488e+00	(2.18700580e-01 6.75987467e-02 5.27080384e-19)	12
6.2             	p               	3.91811489e-01	(7.81299420e-01 6.75987467e-02 -1.23816138e-18)	0	1.95155022e+00	(2.18700580e-01 6.75987467e-02 5.27080384e-19)	12
6.22            	p               	3.92299987e-01	(7.81299420e-01 6.75987467e-02 -1.23816138e-18)	0	1.95153048e+00	(2.18700580e-01 6.75987467e-02 5.27080384e-19)	12
6.24            	p               	3.93536437e-01	(7.81299420e-01 6.75987467e-02 -1.23816138e-18)	0	1.95148925e+00	(2.18700580e-01 6.75987467e-02 5.27080384e-19)	12
6.26            	p               	3.95447516e-01	(7.81299420e-01 6.75987467e-02 -1.23816138e-18)	0	1.95143681e+00	(2.18700580e-01 6.75987467e-02 5.27080384e-19)	12
6.28            	p               	3.97253601e-01	(7.81299420e-01 6.75987467e-02 -1.23816138e-18)	0	1.95138685e+00	(2.18700580e-01 6.75987467e-02 5.27080384e-19)	12
6.3             	p               	3.97555877e-01	(7.81299420e-01 6.75987467e-02 -1.23816138e-18)	0	1.95135192e+00	(2.18700580e-01 6.75987467e-02 5.27080384e-19)	12
6.32            	p               	3.92501117e-01	(7.18799894e-01 7.83435919e-02 -4.21203696e-19)	13	1.95133861e+00	(2.18700580e-01 6.75987467e-02 5.27080384e-19)	12
6.34            	p               	3.90561052e-01	(7.18799894e-01 7.83435919e-02 -4.21203696e-19)	13	1.95134478e+00	(2.18700580e-01 6.75987467e-02 5.27080384e-19)	12
6.36            	p               	3.92397946e-01	(7.81299420e-01 6.75987467e-02 -1.23816138e-18)	0	1.95136051e+00	(2.18700580e-01 6.75987467e-02 5.27080384e-19)	12
6.38            	p               	3.91832772e-01	(7.81299420e-01 6.75987467e-02 -1.23816138e-18)	0	1.95137261e+00	(2.18700580e-01 6.75987467e-02 5.27080384e-19)	12
6.4             	p               	3.91941093e-01	(7.81299420e-01 6.75987467e-02 -1.23816138e-18)	0	1.95137049e+00	(2.18700580e-01 6.75987467e-02 5.27080384e-19)	12
6.42            	p               	3.92638878e-01	(7.81299420e-01 6.75987467e-02 -1.23816138e-18)	0	1.95135094e+00	(2.18700580e-01 6.75987467e-02 5.27080384e-19)	12
6.44            	p               	3.94078522e-01	(7.81299420e-01 6.75987467e-02 -1.23816138e-18)	0	1.95131936e+00	(2.18700580e-01 6.75987467e-02 5.27080384e-19)	12
6.46            	p               	3.95998424e-01	(7.81299420e-01 6.75987467e-02 -1.23816138e-18)	0	1.95128678e+00	(2.18700580e-01 6.75987467e-02 5.27080384e-19)	12
6.48            	p               	3.97373720e-01	(7.81299420e-01 6.75987467e-02 -1.23816138e-18)	0	1.95126420e+00	(2.18700580e-01 6.75987467e-02 5.27080384e-19)	12
6.5             	p               	3.95390414e-01	(7.18799894e-01 7.83435919e-02 -4.21203696e-19)	13	1.95125741e+00	(2.18700580e-01 6.75987467e-02 5.27080384e-19)	12
6.52            	p               	3.91315511e-01	(7.18799894e-01 7.83435919e-02 -4.21203696e-19)	13	1.95126461e+00	(2.18700580e-01 6.75987467e-02 5.27080384e-19)	12
6.54            	p               	3.90696692e-01	(7.18799894e-01 7.83435919e-02 -4.21203696e-19)	13	1.95127830e+00	(2.18700580e-01 6.75987467e-02 5.27080384e-19)	12
6.56            	p               	3.92018310e-01	(7.81299420e-01 6.75987467e-02 -1.23816138e-18)	0	1.95128980e+00	(2.18700580e-01 6.75987467e-02 5.27080384e-19)	12
6.58            	p               	3.91730932e-01	(7.81299420e-01 6.75987467e-02 -1.23816138e-18)	0	1.95129402e+00	(2.18700580e-01 6.75987467e-02 5.27080384e-19)	12
6.6             	p               	3.92006984e-01	(7.81299420e-01 6.75987467e-02 -1.23816138e-18)	0	1.95129177e+00	(2.18700580e-01 6.75987467e-02 5.27080384e-19)	12
6.62            	p               	3.92923446e-01	(7.81299420e-01 6.75987467e-02 -1.23816138e-18)	0	1.95128896e+00	(2.18700580e-01 6.75987467e-02 5.27080384e-19)	12
6.64            	p               	3.94556857e-01	(7.81299420e-01 6.75987467e-02 -1.23816138e-18)	0	1.95129276e+00	(2.18700580e-01 6.75987467e-02 5.27080384e-19)	12
6.66            	p               	3.96414850e-01	(7.81299420e-01 6.75987467e-02 -1.23816138e-18)	0	1.95130735e+00	(2.18700580e-01 6.75987467e-02 5.27080384e-19)	12
6.68            	p               	3.97278848e-01	(7.81299420e-01 6.75987467e-02 -1.23816138e-18)	0	1.95133191e+00	(2.18700580e-01 6.75987467e-02 5.27080384e-19)	12
6.7             	p               	3.93892397e-01	(7.18799894e-01 7.83435919e-02 -4.21203696e-19)	13	1.95136168e+00	(2.18700580e-01 6.75987467e-02 5.27080384e-19)	12
6.72            	p               	3.90957733e-01	(7.18799894e-01 7.83435919e-02 -4.21203696e-19)	13	1.95139085e+00	(2.18700580e-01 6.75987467e-02 5.27080384e-19)	12
6.74            	p               	3.91664188e-01	(7.18799894e-01 7.83435919e-02 -4.21203696e-19)	13	1.95141536e+00	(2.18700580e-01 6.75987467e-02 5.27080384e-19)	12
6.76            	p               	3.92060130e-01	(7.81299420e-01 6.75987467e-02 -1.23816138e-18)	0	1.95143430e+00	(2.18700580e-01 6.75987467e-02 5.27080384e-19)	12
6.78            	p               	3.91937305e-01	(7.81299420e-01 6.75987467e-02 -1.23816138e-18)	0	1.95144961e+00	(2.18700580e-01 6.75987467e-02 5.27080384e-19)	12
6.8             	p               	3.92340091e-01	(7.81299420e-01 6.75987467e-02 -1.23816138e-18)	0	1.95146442e+00	(2.18700580e-01 6.75987467e-02 5.27080384e-19)	12
6.82            	p               	3.93459165e-01	(7.81299420e-01 6.75987467e-02 -1.23816138e-18)	0	1.95148102e+00	(2.18700580e-01 6.75987467e-02 5.27080384e-19)	12
6.84            	p               	3.95237875e-01	(7.81299420e-01 6.75987467e-02 -1.23816138e-18)	0	1.95149933e+00	(2.18700580e-01 6.75987467e-02 5.27080384e-19)	12
6.86            	p               	3.96941963e-01	(7.81299420e-01 6.75987467e-02 -1.23816138e-18)	0	1.95151654e+00	(2.18700580e-01 6.75987467e-02 5.27080384e-19)	12
6.88            	p               	3.97262698e-01	(7.81299420e-01 6.75987467e-02 -1.23816138e-18)	0	1.95152781e+00	(2.18700580e-01 6.75987467e-02 5.27080384e-19)	12
6.9             	p               	3.92800847e-01	(7.18799894e-01 7.83435919e-02 -4.21203696e-19)	13	1.95152780e+00	(2.18700580e-01 6.75987467e-02 5.27080384e-19)	12
6.92            	p               	3.90932776e-01	(7.18799894e-01 7.83435919e-02 -4.21203696e-19)	13	1.95151256e+00	(2.18700580e-01 6.75987467e-02 5.27080384e-19)	12
6.94            	p               	3.92726299e-01	(7.81299420e-01 6.75987467e-02 -1.23816138e-18)	0	1.95148128e+00	(2.18700580e-01 6.75987467e-02 5.27080384e-19)	12
6.96            	p               	3.92182663e-01	(7.81299420e-01 6.75987467e-02 -1.23816138e-18)	0	1.95143744e+00	(2.18700580e-01 6.75987467e-02 5.27080384e-19)	12
6.98            	p               	3.92178923e-01	(7.81299420e-01 6.75987467e-02 -1.23816138e-18)	0	1.95138881e+00	(2.18700580e-01 6.75987467e-02 5.27080384e-19)	12
7               	p               	3.92722625e-01	(7.81299420e-01 6.75987467e-02 -1.23816138e-18)	0	1.95134544e+00	(2.18700580e-01 6.75987467e-02 5.27080384e-19)	12
7.02            	p               	3.94006898e-01	(7.81299420e-01 6.75987467e-02 -1.23816138e-18)	0	1.95131672e+00	(2.18700580e-01 6.75987467e-02 5.27080384e-19)	12
7.04            	p               	3.95825755e-01	(7.81299420e-01 6.75987467e-02 -1.23816138e-18)	0	1.95130836e+00	(2.18700580e-01 6.75987467e-02 5.27080384e-19)	12
7.06            	p               	3.97240074e-01	(7.81299420e-01 6.75987467e-02 -1.23816138e-18)	0	1.95131999e+00	(2.18700580e-01 6.75987467e-02 5.27080384e-19)	12
7.08            	p               	3.95829996e-01	(7.18799894e-01 7.83435919e-02 -4.21203696e-19)	13	1.95134402e+00	(2.18700580e-01 6.75987467e-02 5.27080384e-19)	12
7.1             	p               	3.91679770e-01	(7.18799894e-01 7.83435919e-02 -4.21203696e-19)	13	1.95136723e+00	(2.18700580e-01 6.75987467e-02 5.27080384e-19)	12
7.12            	p               	3.90795955e-01	(7.18799894e-01 7.83435919e-02 -4.21203696e-19)	13	1.95137531e+00	(2.18700580e-01 6.75987467e-02 5.27080384e-19)	12
7.14            	p               	3.92326492e-01	(7.81299420e-01 6.75987467e-02 -1.23816138e-18)	0	1.95135907e+00	(2.18700580e-01 6.75987467e-02 5.27080384e-19)	12
7.16            	p               	3.91949596e-01	(7.81299420e-01 6.75987467e-02 -1.23816138e-18)	0	1.95131939e+00	(2.18700580e-01 6.75987467e-02 5.27080384e-19)	12
7.18            	p               	3.92099911e-01	(7.81299420e-01 6.75987467e-02 -1.23816138e-18)	0	1.95126794e+00	(2.18700580e-01 6.75987467e-02 5.27080384e-19)	12
7.2             	p               	3.92853893e-01	(7.81299420e-01 6.75987467e-02 -1.23816138e-18)	0	1.95122296e+00	(2.18700580e-01 6.75987467e-02 5.27080384e-19)	12
7.22            	p               	3.94340523e-01	(7.81299420e-01 6.75987467e-02 -1.23816138e-18)	0	1.95120160e+00	(2.18700580e-01 6.75987467e-02 5.27080384e-19)	12
7.24            	p               	3.96164574e-01	(7.81299420e-01 6.75987467e-02 -1.23816138e-18)	0	1.95121237e+00	(2.18700580e-01 6.75987467e-02 5.27080384e-19)	12
7.26            	p               	3.97193778e-01	(7.81299420e-01 6.75987467e-02 -1.23816138e-18)	0	1.95125141e+00	(2.18700580e-01 6.75987467e-02 5.27080384e-19)	12
7.28            	p               	3.94241341e-01	(7.18799894e-01 7.83435919e-02 -4.21203696e-19)	13	1.95130419e+00	(2.18700580e-01 6.75987467e-02 5.27080384e-19)	12
7.3             	p               	3.90959911e-01	(7.18799894e-01 7.83435919e-02 -4.21203696e-19)	13	1.95135146e+00	(2.18700580e-01 6.75987467e-02 5.27080384e-19)	12
7.32            	p               	3.91259633e-01	(7.18799894e-01 7.83435919e-02 -4.21203696e-19)	13	1.95137731e+00	(2.18700580e-01 6.75987467e-02 5.27080384e-19)	12
7.34            	p               	3.92022729e-01	(7.81299420e-01 6.75987467e-02 -1.23816138e-18)	0	1.95137641e+00	(2.18700580e-01 6.75987467e-02 5.27080384e-19)	12
7.36            	p               	3.91836219e-01	(7.81299420e-01 6.75987467e-02 -1.23816138e-18)	0	1.95135612e+00	(2.18700580e-01 6.75987467e-02 5.27080384e-19)	12
7.38            	p               	3.92180963e-01	(7.81299420e-01 6.75987467e-02 -1.23816138e-18)	0	1.95133218e+00	(2.18700580e-01 6.75987467e-02 5.27080384e-19)	12
7.4             	p               	3.93231436e-01	(7.81299420e-01 6.75987467e-02 -1.23816138e-18)	0	1.95132132e+00	(2.18700580e-01 6.75987467e-02 5.27080384e-19)	12
7.42            	p               	3.94981088e-01	(7.81299420e-01 6.75987467e-02 -1.23816138e-18)	0	1.95133458e+00	(2.18700580e-01 6.75987467e-02 5.27080384e-19)	12
7.44            	p               	3.96763831e-01	(7.81299420e-01 6.75987467e-02 -1.23816138e-18)	0	1.95137394e+00	(2.18700580e-01 6.75987467e-02 5.27080384e-19)	12
7.46            	p               	3.97264039e-01	(7.81299420e-01 6.75987467e-02 -1.23816138e-18)	0	1.95143254e+00	(2.18700580e-01 6.75987467e-02 5.27080384e-19)	12
7.48            	p               	3.93021992e-01	(7.18799894e-01 7.83435919e-02 -4.21203696e-19)	13	1.95149730e+00	(2.18700580e-01 6.75987467e-02 5.27080384e-19)	12
7.5             	p               	3.90801074e-01	(7.18799894e-01 7.83435919e-02 -4.21203696e-19)	13	1.95155275e+00	(2.18700580e-01 6.75987467e-02 5.27080384e-19)	12
7.52            	p               	3.92335707e-01	(7.18799894e-01 7.83435919e-02 -4.21203696e-19)	13	1.95158500e+00	(2.18700580e-01 6.75987467e-02 5.27080384e-19)	12
7.54            	p               	3.92012624e-01	(7.81299420e-01 6.75987467e-02 -1.23816138e-18)	0	1.95158555e+00	(2.18700580e-01 6.75987467e-02 5.27080384e-19)	12
7.56            	p               	3.92013128e-01	(7.81299420e-01 6.75987467e-02 -1.23816138e-18)	0	1.95155395e+00	(2.18700580e-01 6.75987467e-02 5.27080384e-19)	12
7.58            	p               	3.92601657e-01	(7.81299420e-01 6.75987467e-02 -1.23816138e-18)	0	1.95149847e+00	(2.18700580e-01 6.75987467e-02 5.27080384e-19)	12
7.6             	p               	3.93967261e-01	(7.81299420e-01 6.75987467e-02 -1.23816138e-18)	0	1.95143428e+00	(2.18700580e-01 6.75987467e-02 5.27080384e-19)	12
7.62            	p               	3.95904844e-01	(7.81299420e-01 6.75987467e-02 -1.23816138e-18)	0	1.95137915e+00	(2.18700580e-01 6.75987467e-02 5.27080384e-19)	12
7.64            	p               	3.97444524e-01	(7.81299420e-01 6.75987467e-02 -1.23816138e-18)	0	1.95134779e+00	(2.18700580e-01 6.75987467e-02 5.27080384e-19)	12
7.66            	p               	3.96122130e-01	(7.18799894e-01 7.83435919e-02 -4.21203696e-19)	13	1.95134635e+00	(2.18700580e-01 6.75987467e-02 5.27080384e-19)	12
7.68            	p               	3.91768316e-01	(7.18799894e-01 7.83435919e-02 -4.21203696e-19)	13	1.95136949e+00	(2.18700580e-01 6.75987467e-02 5.27080384e-19)	12
7.7             	p               	3.90750161e-01	(7.18799894e-01 7.83435919e-02 -4.21203696e-19)	13	1.95140188e+00	(2.18700580e-01 6.75987467e-02 5.27080384e-19)	12
7.72            	p               	3.92221320e-01	(7.81299420e-01 6.75987467e-02 -1.23816138e-18)	0	1.95142424e+00	(2.18700580e-01 6.75987467e-02 5.27080384e-19)	12
7.74            	p               	3.91840298e-01	(7.81299420e-01 6.75987467e-02 -1.23816138e-18)	0	1.95142142e+00	(2.18700580e-01 6.75987467e-02 5.27080384e-19)	12
7.76            	p               	3.92059336e-01	(7.81299420e-01 6.75987467e-02 -1.23816138e-18)	0	1.95138905e+00	(2.18700580e-01 6.75987467e-02 5.27080384e-19)	12
7.78            	p               	3.92942092e-01	(7.81299420e-01 6.75987467e-02 -1.23816138e-18)	0	1.95133588e+00	(2.18700580e-01 6.75987467e-02 5.27080384e-19)	12
7.8             	p               	3.94592808e-01	(7.81299420e-01 6.75987467e-02 -1.23816138e-18)	0	1.95128037e+00	(2.18700580e-01 6.75987467e-02 5.27080384e-19)	12
7.82            	p               	3.96553977e-01	(7.81299420e-01 6.75987467e-02 -1.23816138e-18)	0	1.95124249e+00	(2.18700580e-01 6.75987467e-02 5.27080384e-19)	12
7.84            	p               	3.97578336e-01	(7.81299420e-01 6.75987467e-02 -1.23816138e-18)	0	1.95123457e+00	(2.18700580e-01 6.75987467e-02 5.27080384e-19)	12
7.86            	p               	3.93962095e-01	(7.18799894e-01 7.83435919e-02 -4.21203696e-19)	13	1.95125551e+00	(2.18700580e-01 6.75987467e-02 5.27080384e-19)	12
7.88            	p               	3.90680152e-01	(7.18799894e-01 7.83435919e-02 -4.21203696e-19)	13	1.95129167e+00	(2.18700580e-01 6.75987467e-02 5.27080384e-19)	12
7.9             	p               	3.91185698e-01	(7.18799894e-01 7.83435919e-02 -4.21203696e-19)	13	1.95132384e+00	(2.18700580e-01 6.75987467e-02 5.27080384e-19)	12
7.92            	p               	3.91709264e-01	(7.81299420e-01 6.75987467e-02 -1.23816138e-18)	0	1.95133668e+00	(2.18700580e-01 6.75987467e-02 5.27080384e-19)	12
7.94            	p               	3.91595300e-01	(7.81299420e-01 6.75987467e-02 -1.23816138e-18)	0	1.95132545e+00	(2.18700580e-01 6.75987467e-02 5.27080384e-19)	12
7.96            	p               	3.92094644e-01	(7.81299420e-01 6.75987467e-02 -1.23816138e-18)	0	1.95129725e+00	(2.18700580e-01 6.75987467e-02 5.27080384e-19)	12
7.98            	p               	3.93348124e-01	(7.81299420e-01 6.75987467e-02 -1.23816138e-18)	0	1.95126689e+00	(2.18700580e-01 6.75987467e-02 5.27080384e-19)	12
8               	p               	3.95280793e-01	(7.81299420e-01 6.75987467e-02 -1.23816138e-18)	0	1.95125004e+00	(2.18700580e-01 6.75987467e-02 5.27080384e-19)	12
8.02            	p               	3.97100788e-01	(7.81299420e-01 6.75987467e-02 -1.23816138e-18)	0	1.95125678e+00	(2.18700580e-01 6.75987467e-02 5.27080384e-19)	12
8.04            	p               	3.97385936e-01	(7.81299420e-01 6.75987467e-02 -1.23816138e-18)	0	1.95128830e+00	(2.18700580e-01 6.75987467e-02 5.27080384e-19)	12
8.06            	p               	3.92371620e-01	(7.18799894e-01 7.83435919e-02 -4.21203696e-19)	13	1.95133746e+00	(2.18700580e-01 6.75987467e-02 5.27080384e-19)	12
8.08            	p               	3.90512111e-01	(7.18799894e-01 7.83435919e-02 -4.21203696e-19)	13	1.95139226e+00	(2.18700580e-01 6.75987467e-02 5.27080384e-19)	12
8.1             	p               	3.92192463e-01	(7.81299420e-01 6.75987467e-02 -1.23816138e-18)	0	1.95144045e+00	(2.18700580e-01 6.75987467e-02 5.27080384e-19)	12
8.12            	p               	3.91642157e-01	(7.81299420e-01 6.75987467e-02 -1.23816138e-18)	0	1.95147335e+00	(2.18700580e-01 6.75987467e-02 5.27080384e-19)	12
8.14            	p               	3.91779326e-01	(7.81299420e-01 6.75987467e-02 -1.23816138e-18)	0	1.95148787e+00	(2.18700580e-01 6.75987467e-02 5.27080384e-19)	12
8.16            	p               	3.92582217e-01	(7.81299420e-01 6.75987467e-02 -1.23816138e-18)	0	1.95148650e+00	(2.18700580e-01 6.75987467e-02 5.27080384e-19)	12
8.18            	p               	3.94183110e-01	(7.81299420e-01 6.75987467e-02 -1.23816138e-18)	0	1.95147567e+00	(2.18700580e-01 6.75987467e-02 5.27080384e-19)	12
8.2             	p               	3.96241342e-01	(7.81299420e-01 6.75987467e-02 -1.23816138e-18)	0	1.95146340e+00	(2.18700580e-01 6.75987467e-02 5.27080384e-19)	12
8.22            	p               	3.97617434e-01	(7.81299420e-01 6.75987467e-02 -1.23816138e-18)	0	1.95145665e+00	(2.18700580e-01 6.75987467e-02 5.27080384e-19)	12
8.24            	p               	3.95164301e-01	(7.18799894e-01 7.83435919e-02 -4.21203696e-19)	13	1.95145909e+00	(2.18700580e-01 6.75987467e-02 5.27080384e-19)	12
8.26            	p               	3.91295534e-01	(7.18799894e-01 7.83435919e-02 -4.21203696e-19)	13	1.95146951e+00	(2.18700580e-01 6.75987467e-02 5.27080384e-19)	12
8.28            	p               	3.91045342e-01	(7.18799894e-01 7.83435919e-02 -4.21203696e-19)	13	1.95148201e+00	(2.18700580e-01 6.75987467e-02 5.27080384e-19)	12
8.3             	p               	3.92028560e-01	(7.81299420e-01 6.75987467e-02 -1.23816138e-18)	0	1.95148812e+00	(2.18700580e-01 6.75987467e-02 5.27080384e-19)	12
8.32            	p               	3.91810948e-01	(7.81299420e-01 6.75987467e-02 -1.23816138e-18)	0	1.95148040e+00	(2.18700580e-01 6.75987467e-02 5.27080384e-19)	12
8.34            	p               	3.92181287e-01	(7.81299420e-01 6.75987467e-02 -1.23816138e-18)	0	1.95145587e+00	(2.18700580e-01 6.75987467e-02 5.27080384e-19)	12
8.36            	p               	3.93256855e-01	(7.81299420e-01 6.75987467e-02 -1.23816138e-18)	0	1.95141767e+00	(2.18700580e-01 6.75987467e-02 5.27080384e-19)	12
8.38            	p               	3.95058760e-01	(7.81299420e-01 6.75987467e-02 -1.23816138e-18)	0	1.95137437e+00	(2.18700580e-01 6.75987467e-02 5.27080384e-19)	12
8.4             	p               	3.96969825e-01	(7.81299420e-01 6.75987467e-02 -1.23816138e-18)	0	1.95133747e+00	(2.18700580e-01 6.75987467e-02 5.27080384e-19)	12
8.42            	p               	3.97643334e-01	(7.81299420e-01 6.75987467e-02 -1.23816138e-18)	0	1.95131701e+00	(2.18700580e-01 6.75987467e-02 5.27080384e-19)	12
8.44            	p               	3.93228601e-01	(7.18799894e-01 7.83435919e-02 -4.21203696e-19)	13	1.95131677e+00	(2.18700580e-01 6.75987467e-02 5.27080384e-19)	12
8.46            	p               	3.90574591e-01	(7.18799894e-01 7.83435919e-02 -4.21203696e-19)	13	1.95133153e+00	(2.18700580e-01 6.75987467e-02 5.27080384e-19)	12
8.48            	p               	3.91830788e-01	(7.18799894e-01 7.83435919e-02 -4.21203696e-19)	13	1.95134887e+00	(2.18700580e-01 6.75987467e-02 5.27080384e-19)	12
8.5             	p               	3.91809286e-01	(7.81299420e-01 6.75987467e-02 -1.23816138e-18)	0	1.95135506e+00	(2.18700580e-01 6.75987467e-02 5.27080384e-19)	12
8.52            	p               	3.91815926e-01	(7.81299420e-01 6.75987467e-02 -1.23816138e-18)	0	1.95134215e+00	(2.18700580e-01 6.75987467e-02 5.27080384e-19)	12
8.54            	p               	3.92397165e-01	(7.81299420e-01 6.75987467e-02 -1.23816138e-18)	0	1.95131199e+00	(2.18700580e-01 6.75987467e-02 5.27080384e-19)	12
8.56            	p               	3.93711625e-01	(7.81299420e-01 6.75987467e-02 -1.23816138e-18)	0	1.95127525e+00	(2.18700580e-01 6.75987467e-02 5.27080384e-19)	12
8.58            	p               	3.95610399e-01	(7.81299420e-01 6.75987467e-02 -1.23816138e-18)	0	1.95124598e+00	(2.18700580e-01 6.75987467e-02 5.27080384e-19)	12
8.6             	p               	3.97204585e-01	(7.81299420e-01 6.75987467e-02 -1.23816138e-18)	0	1.95123492e+00	(2.18700580e-01 6.75987467e-02 5.27080384e-19)	12
8.62            	p               	3.96446498e-01	(7.18799894e-01 7.83435919e-02 -4.21203696e-19)	13	1.95124490e+00	(2.18700580e-01 6.75987467e-02 5.27080384e-19)	12
8.64            	p               	3.91859366e-01	(7.18799894e-01 7.83435919e-02 -4.21203696e-19)	13	1.95127017e+00	(2.18700580e-01 6.75987467e-02 5.27080384e-19)	12
8.66            	p               	3.90549562e-01	(7.18799894e-01 7.83435919e-02 -4.21203696e-19)	13	1.95129951e+00	(2.18700580e-01 6.75987467e-02 5.27080384e-19)	12
8.68            	p               	3.92140241e-01	(7.81299420e-01 6.75987467e-02 -1.23816138e-18)	0	1.95132182e+00	(2.18700580e-01 6.75987467e-02 5.27080384e-19)	12
8.7             	p               	3.91715339e-01	(7.81299420e-01 6.75987467e-02 -1.23816138e-18)	0	1.95133200e+00	(2.18700580e-01 6.75987467e-02 5.27080384e-19)	12
8.72            	p               	3.91894351e-01	(7.81299420e-01 6.75987467e-02 -1.23816138e-18)	0	1.95133294e+00	(2.18700580e-01 6.75987467e-02 5.27080384e-19)	12
8.74            	p               	3.92705522e-01	(7.81299420e-01 6.75987467e-02 -1.23816138e-18)	0	1.95133262e+00	(2.18700580e-01 6.75987467e-02 5.27080384e-19)	12
8.76            	p               	3.94270603e-01	(7.81299420e-01 6.75987467e-02 -1.23816138e-18)	0	1.95133883e+00	(2.18700580e-01 6.75987467e-02 5.27080384e-19)	12
8.78            	p               	3.96205896e-01	(7.81299420e-01 6.75987467e-02 -1.23816138e-18)	0	1.95135529e+00	(2.18700580e-01 6.75987467e-02 5.27080384e-19)	12
8.8             	p               	3.97362788e-01	(7.81299420e-01 6.75987467e-02 -1.23816138e-18)	0	1.95138094e+00	(2.18700580e-01 6.75987467e-02 5.27080384e-19)	12
8.82            	p               	3.94685740e-01	(7.18799894e-01 7.83435919e-02 -4.21203696e-19)	13	1.95141162e+00	(2.18700580e-01 6.75987467e-02 5.27080384e-19)	12
8.84            	p               	3.91222526e-01	(7.18799894e-01 7.83435919e-02 -4.21203696e-19)	13	1.95144232e+00	(2.18700580e-01 6.75987467e-02 5.27080384e-19)	12
8.86            	p               	3.91322135e-01	(7.18799894e-01 7.83435919e-02 -4.21203696e-19)	13	1.95146876e+00	(2.18700580e-01 6.75987467e-02 5.27080384e-19)	12
8.88            	p               	3.92122918e-01	(7.81299420e-01 6.75987467e-02 -1.23816138e-18)	0	1.95148809e+00	(2.18700580e-01 6.75987467e-02 5.27080384e-19)	12
8.9             	p               	3.91917781e-01	(7.81299420e-01 6.75987467e-02 -1.23816138e-18)	0	1.95149903e+00	(2.18700580e-01 6.75987467e-02 5.27080384e-19)	12
8.92            	p               	3.92240374e-01	(7.81299420e-01 6.75987467e-02 -1.23816138e-18)	0	1.95150188e+00	(2.18700580e-01 6.75987467e-02 5.27080384e-19)	12
8.94            	p               	3.93261537e-01	(7.81299420e-01 6.75987467e-02 -1.23816138e-18)	0	1.95149815e+00	(2.18700580e-01 6.75987467e-02 5.27080384e-19)	12
8.96            	p               	3.94998064e-01	(7.81299420e-01 6.75987467e-02 -1.23816138e-18)	0	1.95148997e+00	(2.18700580e-01 6.75987467e-02 5.27080384e-19)	12
8.98            	p               	3.96829426e-01	(7.81299420e-01 6.75987467e-02 -1.23816138e-18)	0	1.95147939e+00	(2.18700580e-01 6.75987467e-02 5.27080384e-19)	12
9               	p               	3.97453064e-01	(7.81299420e-01 6.75987467e-02 -1.23816138e-18)	0	1.95146754e+00	(2.18700580e-01 6.75987467e-02 5.27080384e-19)	12
9.02            	p               	3.93281391e-01	(7.18799894e-01 7.83435919e-02 -4.21203696e-19)	13	1.95145423e+00	(2.18700580e-01 6.75987467e-02 5.27080384e-19)	12
9.04            	p               	3.90850183e-01	(7.18799894e-01 7.83435919e-02 -4.21203696e-19)	13	1.95143798e+00	(2.18700580e-01 6.75987467e-02 5.27080384e-19)	12
9.06            	p               	3.92159560e-01	(7.18799894e-01 7.83435919e-02 -4.21203696e-19)	13	1.95141702e+00	(2.18700580e-01 6.75987467e-02 5.27080384e-19)	12
9.08            	p               	3.92122379e-01	(7.81299420e-01 6.75987467e-02 -1.23816138e-18)	0	1.95139080e+00	(2.18700580e-01 6.75987467e-02 5.27080384e-19)	12
9.1             	p               	3.92073956e-01	(7.81299420e-01 6.75987467e-02 -1.23816138e-18)	0	1.95136121e+00	(2.18700580e-01 6.75987467e-02 5.27080384e-19)	12
9.12            	p               	3.92551563e-01	(7.81299420e-01 6.75987467e-02 -1.23816138e-18)	0	1.95133261e+00	(2.18700580e-01 6.75987467e-02 5.27080384e-19)	12
9.14            	p               	3.93745280e-01	(7.81299420e-01 6.75987467e-02 -1.23816138e-18)	0	1.95131085e+00	(2.18700580e-01 6.75987467e-02 5.27080384e-19)	12
9.16            	p               	3.95535220e-01	(7.81299420e-01 6.75987467e-02 -1.23816138e-18)	0	1.95130117e+00	(2.18700580e-01 6.75987467e-02 5.27080384e-19)	12
9.18            	p               	3.97092251e-01	(7.81299420e-01 6.75987467e-02 -1.23816138e-18)	0	1.95130519e+00	(2.18700580e-01 6.75987467e-02 5.27080384e-19)	12
9.2             	p               	3.96637927e-01	(7.18799894e-01 7.83435919e-02 -4.21203696e-19)	13	1.95131882e+00	(2.18700580e-01 6.75987467e-02 5.27080384e-19)	12
9.22            	p               	3.92043948e-01	(7.18799894e-01 7.83435919e-02 -4.21203696e-19)	13	1.95133269e+00	(2.18700580e-01 6.75987467e-02 5.27080384e-19)	12
9.24            	p               	3.90610019e-01	(7.18799894e-01 7.83435919e-02 -4.21203696e-19)	13	1.95133588e+00	(2.18700580e-01 6.75987467e-02 5.27080384e-19)	12
9.26            	p               	3.92369841e-01	(7.81299420e-01 6.75987467e-02 -1.23816138e-18)	0	1.95132136e+00	(2.18700580e-01 6.75987467e-02 5.27080384e-19)	12
9.28            	p               	3.91903766e-01	(7.81299420e-01 6.75987467e-02 -1.23816138e-18)	0	1.95129032e+00	(2.18700580e-01 6.75987467e-02 5.27080384e-19)	12
9.3             	p               	3.92005222e-01	(7.81299420e-01 6.75987467e-02 -1.23816138e-18)	0	1.95125279e+00	(2.18700580e-01 6.75987467e-02 5.27080384e-19)	12
9.32            	p               	3.92683072e-01	(7.81299420e-01 6.75987467e-02 -1.23816138e-18)	0	1.95122378e+00	(2.18700580e-01 6.75987467e-02 5.27080384e-19)	12
9.34            	p               	3.94092481e-01	(7.81299420e-01 6.75987467e-02 -1.23816138e-18)	0	1.95121676e+00	(2.18700580e-01 6.75987467e-02 5.27080384e-19)	12
9.36            	p               	3.95927758e-01	(7.81299420e-01 6.75987467e-02 -1.23816138e-18)	0	1.95123743e+00	(2.18700580e-01 6.75987467e-02 5.27080384e-19)	12
9.38            	p               	3.97140592e-01	(7.81299420e-01 6.75987467e-02 -1.23816138e-18)	0	1.95128088e+00	(2.18700580e-01 6.75987467e-02 5.27080384e-19)	12
9.4             	p               	3.95001092e-01	(7.18799894e-01 7.83435919e-02 -4.21203696e-19)	13	1.95133329e+00	(2.18700580e-01 6.75987467e-02 5.27080384e-19)	12
9.42            	p               	3.91315763e-01	(7.18799894e-01 7.83435919e-02 -4.21203696e-19)	13	1.95137808e+00	(2.18700580e-01 6.75987467e-02 5.27080384e-19)	12
9.44            	p               	3.91078440e-01	(7.18799894e-01 7.83435919e-02 -4.21203696e-19)	13	1.95140352e+00	(2.18700580e-01 6.75987467e-02 5.27080384e-19)	12
9.46            	p               	3.92157062e-01	(7.81299420e-01 6.75987467e-02 -1.23816138e-18)	0	1.95140730e+00	(2.18700580e-01 6.75987467e-02 5.27080384e-19)	12
9.48            	p               	3.91893716e-01	(7.81299420e-01 6.75987467e-02 -1.23816138e-18)	0	1.95139627e+00	(2.18700580e-01 6.75987467e-02 5.27080384e-19)	12
9.5             	p               	3.92146947e-01	(7.81299420e-01 6.75987467e-02 -1.23816138e-18)	0	1.95138258e+00	(2.18700580e-01 6.75987467e-02 5.27080384e-19)	12
9.52            	p               	3.93079708e-01	(7.81299420e-01 6.75987467e-02 -1.23816138e-18)	0	1.95137864e+00	(2.18700580e-01 6.75987467e-02 5.27080384e-19)	12
9.54            	p               	3.94747461e-01	(7.81299420e-01 6.75987467e-02 -1.23816138e-18)	0	1.95139286e+00	(2.18700580e-01 6.75987467e-02 5.27080384e-19)	12
9.56            	p               	3.96592446e-01	(7.81299420e-01 6.75987467e-02 -1.23816138e-18)	0	1.95142715e+00	(2.18700580e-01 6.75987467e-02 5.27080384e-19)	12
9.58            	p               	3.97346850e-01	(7.81299420e-01 6.75987467e-02 -1.23816138e-18)	0	1.95147627e+00	(2.18700580e-01 6.75987467e-02 5.27080384e-19)	12
9.6             	p               	3.93629611e-01	(7.18799894e-01 7.83435919e-02 -4.21203696e-19)	13	1.95152884e+00	(2.18700580e-01 6.75987467e-02 5.27080384e-19)	12
9.62            	p               	3.90958778e-01	(7.18799894e-01 7.83435919e-02 -4.21203696e-19)	13	1.95157023e+00	(2.18700580e-01 6.75987467e-02 5.27080384e-19)	12
9.64            	p               	3.91964801e-01	(7.18799894e-01 7.83435919e-02 -4.21203696e-19)	13	1.95158673e+00	(2.18700580e-01 6.75987467e-02 5.27080384e-19)	12
9.66            	p               	3.92121273e-01	(7.81299420e-01 6.75987467e-02 -1.23816138e-18)	0	1.95157021e+00	(2.18700580e-01 6.75987467e-02 5.27080384e-19)	12
9.68            	p               	3.92035483e-01	(7.81299420e-01 6.75987467e-02 -1.23816138e-18)	0	1.95152160e+00	(2.18700580e-01 6.75987467e-02 5.27080384e-19)	12
9.7             	p               	3.92505709e-01	(7.81299420e-01 6.75987467e-02 -1.23816138e-18)	0	1.95145174e+00	(2.18700580e-01 6.75987467e-02 5.27080384e-19)	12
9.72            	p               	3.93733692e-01	(7.81299420e-01 6.75987467e-02 -1.23816138e-18)	0	1.95137867e+00	(2.18700580e-01 6.75987467e-02 5.27080384e-19)	12
9.74            	p               	3.95608772e-01	(7.81299420e-01 6.75987467e-02 -1.23816138e-18)	0	1.95132209e+00	(2.18700580e-01 6.75987467e-02 5.27080384e-19)	12
9.76            	p               	3.97287655e-01	(7.81299420e-01 6.75987467e-02 -1.23816138e-18)	0	1.95129682e+00	(2.18700580e-01 6.75987467e-02 5.27080384e-19)	12
9.78            	p               	3.96928418e-01	(7.18799894e-01 7.83435919e-02 -4.21203696e-19)	13	1.95130708e+00	(2.18700580e-01 6.75987467e-02 5.27080384e-19)	12
9.8             	p               	3.92174217e-01	(7.18799894e-01 7.83435919e-02 -4.21203696e-19)	13	1.95134372e+00	(2.18700580e-01 6.75987467e-02 5.27080384e-19)	12
9.82            	p               	3.90590812e-01	(7.18799894e-01 7.83435919e-02 -4.21203696e-19)	13	1.95138664e+00	(2.18700580e-01 6.75987467e-02 5.27080384e-19)	12
9.84            	p               	3.92317674e-01	(7.81299420e-01 6.75987467e-02 -1.23816138e-18)	0	1.95141255e+00	(2.18700580e-01 6.75987467e-02 5.27080384e-19)	12
9.86            	p               	3.91804577e-01	(7.81299420e-01 6.75987467e-02 -1.23816138e-18)	0	1.95140525e+00	(2.18700580e-01 6.75987467e-02 5.27080384e-19)	12
9.88            	p               	3.91934909e-01	(7.81299420e-01 6.75987467e-02 -1.23816138e-18)	0	1.95136314e+00	(2.18700580e-01 6.75987467e-02 5.27080384e-19)	12
9.9             	p               	3.92700628e-01	(7.81299420e-01 6.75987467e-02 -1.23816138e-18)	0	1.95130017e+00	(2.18700580e-01 6.75987467e-02 5.27080384e-19)	12
9.92            	p               	3.94244881e-01	(7.81299420e-01 6.75987467e-02 -1.23816138e-18)	0	1.95123967e+00	(2.18700580e-01 6.75987467e-02 5.27080384e-19)	12
9.94            	p               	3.96223685e-01	(7.81299420e-01 6.75987467e-02 -1.23816138e-18)	0	1.95120392e+00	(2.18700580e-01 6.75987467e-02 5.27080384e-19)	12
9.96            	p               	3.97494972e-01	(7.81299420e-01 6.75987467e-02 -1.23816138e-18)	0	1.95120448e+00	(2.18700580e-01 6.75987467e-02 5.27080384e-19)	12
9.98            	p               	3.94664679e-01	(7.18799894e-01 7.83435919e-02 -4.21203696e-19)	13	1.95123769e+00	(2.18700580e-01 6.75987467e-02 5.27080384e-19)	12
10              	p               	3.90913573e-01	(7.18799894e-01 7.83435919e-02 -4.21203696e-19)	13	1.95128727e+00	(2.18700580e-01 6.75987467e-02 5.27080384e-19)	12
