# Field minima and maxima
# Time          	field           	min             	location(min)   	processor       	max             	location(max)   	processor       
0.02            	p               	5.11274797e-01	(9.96094498e-01 4.43649347e-03 1.13552554e-19)	14	1.79700589e+00	(4.96092944e-01 9.09512224e-02 -1.07850366e-19)	2
0.04            	p               	3.10500932e-01	(5.35157052e-01 8.54582238e-02 3.39696596e-19)	2	1.87973459e+00	(2.73429996e-02 8.55624250e-03 1.02607584e-18)	3
0.06            	p               	3.18344409e-01	(5.35157052e-01 8.54582238e-02 3.39696596e-19)	2	1.94590413e+00	(2.73429996e-02 8.55624250e-03 1.02607584e-18)	3
0.08            	p               	3.21839778e-01	(5.35157052e-01 8.54582238e-02 3.39696596e-19)	2	1.94647135e+00	(2.73429996e-02 8.55624250e-03 1.02607584e-18)	3
0.1             	p               	3.16500988e-01	(5.35157052e-01 8.54582238e-02 3.39696596e-19)	2	1.94512510e+00	(2.73429996e-02 8.55624250e-03 1.02607584e-18)	3
0.12            	p               	3.14567147e-01	(5.35157052e-01 8.54582238e-02 3.39696596e-19)	2	1.94325689e+00	(2.73429996e-02 8.55624250e-03 1.02607584e-18)	3
0.14            	p               	3.14245710e-01	(5.35157052e-01 8.54582238e-02 3.39696596e-19)	2	1.94823582e+00	(2.73429996e-02 8.55624250e-03 1.02607584e-18)	3
0.16            	p               	3.17168582e-01	(5.35157052e-01 8.54582238e-02 3.39696596e-19)	2	1.94312817e+00	(2.73429996e-02 8.55624250e-03 1.02607584e-18)	3
0.18            	p               	3.20174808e-01	(5.35157052e-01 8.54582238e-02 3.39696596e-19)	2	1.94710943e+00	(2.73429996e-02 8.55624250e-03 1.02607584e-18)	3
0.2             	p               	3.19317045e-01	(5.35157052e-01 8.54582238e-02 3.39696596e-19)	2	1.94473135e+00	(2.73429996e-02 8.55624250e-03 1.02607584e-18)	3
0.22            	p               	3.14465756e-01	(5.35157052e-01 8.54582238e-02 3.39696596e-19)	2	1.94473698e+00	(2.73429996e-02 8.55624250e-03 1.02607584e-18)	3
0.24            	p               	3.08918829e-01	(5.35157052e-01 8.54582238e-02 3.39696596e-19)	2	1.94575746e+00	(2.73429996e-02 8.55624250e-03 1.02607584e-18)	3
0.26            	p               	3.07092275e-01	(5.35157052e-01 8.54582238e-02 3.39696596e-19)	2	1.94206867e+00	(2.73429996e-02 8.55624250e-03 1.02607584e-18)	3
0.28            	p               	3.08879579e-01	(5.35157052e-01 8.54582238e-02 3.39696596e-19)	2	1.94805993e+00	(2.73429996e-02 8.55624250e-03 1.02607584e-18)	3
0.3             	p               	3.14517880e-01	(5.35157052e-01 8.54582238e-02 3.39696596e-19)	2	1.94365671e+00	(2.73429996e-02 8.55624250e-03 1.02607584e-18)	3
0.32            	p               	3.20557921e-01	(5.35157052e-01 8.54582238e-02 3.39696596e-19)	2	1.94829274e+00	(2.73429996e-02 8.55624250e-03 1.02607584e-18)	3
0.34            	p               	3.22552725e-01	(5.35157052e-01 8.54582238e-02 3.39696596e-19)	2	1.94447287e+00	(2.73429996e-02 8.55624250e-03 1.02607584e-18)	3
0.36            	p               	3.21027550e-01	(5.35157052e-01 8.54582238e-02 3.39696596e-19)	2	1.94288803e+00	(2.73429996e-02 8.55624250e-03 1.02607584e-18)	3
0.38            	p               	3.20051623e-01	(5.35157052e-01 8.54582238e-02 3.39696596e-19)	2	1.94741549e+00	(2.73429996e-02 8.55624250e-03 1.02607584e-18)	3
0.4             	p               	3.21295390e-01	(5.35157052e-01 8.54582238e-02 3.39696596e-19)	2	1.94388033e+00	(2.73429996e-02 8.55624250e-03 1.02607584e-18)	3
0.42            	p               	3.24568550e-01	(5.35157052e-01 8.54582238e-02 3.39696596e-19)	2	1.94808263e+00	(2.73429996e-02 8.55624250e-03 1.02607584e-18)	3
0.44            	p               	3.28987180e-01	(5.35157052e-01 8.54582238e-02 3.39696596e-19)	2	1.94422255e+00	(2.73429996e-02 8.55624250e-03 1.02607584e-18)	3
0.46            	p               	3.35137268e-01	(5.35157052e-01 8.54582238e-02 3.39696596e-19)	2	1.94422706e+00	(2.73429996e-02 8.55624250e-03 1.02607584e-18)	3
0.48            	p               	3.41721873e-01	(5.35157052e-01 8.54582238e-02 3.39696596e-19)	2	1.94675315e+00	(2.73429996e-02 8.55624250e-03 1.02607584e-18)	3
0.5             	p               	3.46502541e-01	(5.35157052e-01 8.54582238e-02 3.39696596e-19)	2	1.94283427e+00	(2.73429996e-02 8.55624250e-03 1.02607584e-18)	3
0.52            	p               	3.48625276e-01	(5.35157052e-01 8.54582238e-02 3.39696596e-19)	2	1.94852657e+00	(2.73429996e-02 8.55624250e-03 1.02607584e-18)	3
0.54            	p               	3.47797310e-01	(5.35157052e-01 8.54582238e-02 3.39696596e-19)	2	1.94419858e+00	(2.73429996e-02 8.55624250e-03 1.02607584e-18)	3
0.56            	p               	3.48925341e-01	(5.35157052e-01 8.54582238e-02 3.39696596e-19)	2	1.94612732e+00	(2.73429996e-02 8.55624250e-03 1.02607584e-18)	3
0.58            	p               	3.52059973e-01	(5.35157052e-01 8.54582238e-02 3.39696596e-19)	2	1.94544363e+00	(2.73429996e-02 8.55624250e-03 1.02607584e-18)	3
0.6             	p               	3.57425530e-01	(5.35157052e-01 8.54582238e-02 3.39696596e-19)	2	1.94248038e+00	(2.73429996e-02 8.55624250e-03 1.02607584e-18)	3
0.62            	p               	3.64216607e-01	(5.35157052e-01 8.54582238e-02 3.39696596e-19)	2	1.94830846e+00	(2.73429996e-02 8.55624250e-03 1.02607584e-18)	3
0.64            	p               	3.70702988e-01	(5.35157052e-01 8.54582238e-02 3.39696596e-19)	2	1.94406411e+00	(2.73429996e-02 8.55624250e-03 1.02607584e-18)	3
0.66            	p               	3.76851543e-01	(5.35157052e-01 8.54582238e-02 3.39696596e-19)	2	1.94766130e+00	(2.73429996e-02 8.55624250e-03 1.02607584e-18)	3
0.68            	p               	3.81688642e-01	(5.35157052e-01 8.54582238e-02 3.39696596e-19)	2	1.94466869e+00	(2.73429996e-02 8.55624250e-03 1.02607584e-18)	3
0.7             	p               	3.86866378e-01	(5.35157052e-01 8.54582238e-02 3.39696596e-19)	2	1.94281540e+00	(2.73429996e-02 8.55624250e-03 1.02607584e-18)	3
0.72            	p               	3.90463823e-01	(5.35157052e-01 8.54582238e-02 3.39696596e-19)	2	1.94762629e+00	(2.73429996e-02 8.55624250e-03 1.02607584e-18)	3
0.74            	p               	3.91598753e-01	(5.35157052e-01 8.54582238e-02 3.39696596e-19)	2	1.94380233e+00	(2.73429996e-02 8.55624250e-03 1.02607584e-18)	3
0.76            	p               	3.91833282e-01	(5.35157052e-01 8.54582238e-02 3.39696596e-19)	2	1.94833879e+00	(2.73429996e-02 8.55624250e-03 1.02607584e-18)	3
0.78            	p               	3.90899325e-01	(5.35157052e-01 8.54582238e-02 3.39696596e-19)	2	1.94418526e+00	(2.73429996e-02 8.55624250e-03 1.02607584e-18)	3
0.8             	p               	3.90216830e-01	(5.35157052e-01 8.54582238e-02 3.39696596e-19)	2	1.94429134e+00	(2.73429996e-02 8.55624250e-03 1.02607584e-18)	3
0.82            	p               	3.89472085e-01	(5.35157052e-01 8.54582238e-02 3.39696596e-19)	2	1.94666157e+00	(2.73429996e-02 8.55624250e-03 1.02607584e-18)	3
0.84            	p               	3.89265071e-01	(5.35157052e-01 8.54582238e-02 3.39696596e-19)	2	1.94300798e+00	(2.73429996e-02 8.55624250e-03 1.02607584e-18)	3
0.86            	p               	3.90183112e-01	(5.35157052e-01 8.54582238e-02 3.39696596e-19)	2	1.94853710e+00	(2.73429996e-02 8.55624250e-03 1.02607584e-18)	3
0.88            	p               	3.90703629e-01	(5.35157052e-01 8.54582238e-02 3.39696596e-19)	2	1.94413748e+00	(2.73429996e-02 8.55624250e-03 1.02607584e-18)	3
0.9             	p               	3.91312131e-01	(5.27344553e-01 8.68314735e-02 -1.46568437e-19)	2	1.94619716e+00	(2.73429996e-02 8.55624250e-03 1.02607584e-18)	3
0.92            	p               	3.90589389e-01	(5.27344553e-01 8.68314735e-02 -1.46568437e-19)	2	1.94550157e+00	(2.73429996e-02 8.55624250e-03 1.02607584e-18)	3
0.94            	p               	3.89997509e-01	(5.27344553e-01 8.68314735e-02 -1.46568437e-19)	2	1.94245474e+00	(2.73429996e-02 8.55624250e-03 1.02607584e-18)	3
0.96            	p               	3.89394611e-01	(5.27344553e-01 8.68314735e-02 -1.46568437e-19)	2	1.94832597e+00	(2.73429996e-02 8.55624250e-03 1.02607584e-18)	3
0.98            	p               	3.90158126e-01	(5.27344553e-01 8.68314735e-02 -1.46568437e-19)	2	1.94411345e+00	(2.73429996e-02 8.55624250e-03 1.02607584e-18)	3
1               	p               	3.94072046e-01	(5.27344553e-01 8.68314735e-02 -1.46568437e-19)	2	1.94763120e+00	(2.73429996e-02 8.55624250e-03 1.02607584e-18)	3
1.02            	p               	3.99293720e-01	(5.27344553e-01 8.68314735e-02 -1.46568437e-19)	2	1.94464539e+00	(2.73429996e-02 8.55624250e-03 1.02607584e-18)	3
1.04            	p               	3.98586934e-01	(5.35157052e-01 8.54582238e-02 3.39696596e-19)	2	1.94282100e+00	(2.73429996e-02 8.55624250e-03 1.02607584e-18)	3
1.06            	p               	3.95470753e-01	(5.35157052e-01 8.54582238e-02 3.39696596e-19)	2	1.94764854e+00	(2.73429996e-02 8.55624250e-03 1.02607584e-18)	3
1.08            	p               	3.92436852e-01	(5.35157052e-01 8.54582238e-02 3.39696596e-19)	2	1.94376757e+00	(2.73429996e-02 8.55624250e-03 1.02607584e-18)	3
1.1             	p               	3.90837875e-01	(5.35157052e-01 8.54582238e-02 3.39696596e-19)	2	1.94834994e+00	(2.73429996e-02 8.55624250e-03 1.02607584e-18)	3
1.12            	p               	3.89405800e-01	(5.35157052e-01 8.54582238e-02 3.39696596e-19)	2	1.94419187e+00	(2.73429996e-02 8.55624250e-03 1.02607584e-18)	3
1.14            	p               	3.89193136e-01	(5.35157052e-01 8.54582238e-02 3.39696596e-19)	2	1.94430947e+00	(2.73429996e-02 8.55624250e-03 1.02607584e-18)	3
1.16            	p               	3.89199792e-01	(5.35157052e-01 8.54582238e-02 3.39696596e-19)	2	1.94662719e+00	(2.73429996e-02 8.55624250e-03 1.02607584e-18)	3
1.18            	p               	3.89876678e-01	(5.35157052e-01 8.54582238e-02 3.39696596e-19)	2	1.94301754e+00	(2.73429996e-02 8.55624250e-03 1.02607584e-18)	3
1.2             	p               	3.90066718e-01	(5.27344553e-01 8.68314735e-02 -1.46568437e-19)	2	1.94853732e+00	(2.73429996e-02 8.55624250e-03 1.02607584e-18)	3
1.22            	p               	3.88987491e-01	(5.27344553e-01 8.68314735e-02 -1.46568437e-19)	2	1.94413021e+00	(2.73429996e-02 8.55624250e-03 1.02607584e-18)	3
1.24            	p               	3.90831099e-01	(5.27344553e-01 8.68314735e-02 -1.46568437e-19)	2	1.94621091e+00	(2.73429996e-02 8.55624250e-03 1.02607584e-18)	3
1.26            	p               	3.94453461e-01	(5.27344553e-01 8.68314735e-02 -1.46568437e-19)	2	1.94550646e+00	(2.73429996e-02 8.55624250e-03 1.02607584e-18)	3
1.28            	p               	4.00422519e-01	(5.35157052e-01 8.54582238e-02 3.39696596e-19)	2	1.94244784e+00	(2.73429996e-02 8.55624250e-03 1.02607584e-18)	3
1.3             	p               	3.97984322e-01	(5.35157052e-01 8.54582238e-02 3.39696596e-19)	2	1.94831971e+00	(2.73429996e-02 8.55624250e-03 1.02607584e-18)	3
1.32            	p               	3.94229590e-01	(5.35157052e-01 8.54582238e-02 3.39696596e-19)	2	1.94411779e+00	(2.73429996e-02 8.55624250e-03 1.02607584e-18)	3
1.34            	p               	3.91754344e-01	(5.35157052e-01 8.54582238e-02 3.39696596e-19)	2	1.94764038e+00	(2.73429996e-02 8.55624250e-03 1.02607584e-18)	3
1.36            	p               	3.89958305e-01	(5.35157052e-01 8.54582238e-02 3.39696596e-19)	2	1.94463459e+00	(2.73429996e-02 8.55624250e-03 1.02607584e-18)	3
1.38            	p               	3.89601031e-01	(5.35157052e-01 8.54582238e-02 3.39696596e-19)	2	1.94282904e+00	(2.73429996e-02 8.55624250e-03 1.02607584e-18)	3
1.4             	p               	3.90473439e-01	(5.27344553e-01 8.68314735e-02 -1.46568437e-19)	2	1.94764591e+00	(2.73429996e-02 8.55624250e-03 1.02607584e-18)	3
1.42            	p               	3.89038176e-01	(5.27344553e-01 8.68314735e-02 -1.46568437e-19)	2	1.94376021e+00	(2.73429996e-02 8.55624250e-03 1.02607584e-18)	3
1.44            	p               	3.93769521e-01	(5.27344553e-01 8.68314735e-02 -1.46568437e-19)	2	1.94835215e+00	(2.73429996e-02 8.55624250e-03 1.02607584e-18)	3
1.46            	p               	3.99448888e-01	(5.35157052e-01 8.54582238e-02 3.39696596e-19)	2	1.94419147e+00	(2.73429996e-02 8.55624250e-03 1.02607584e-18)	3
1.48            	p               	3.96290710e-01	(5.35157052e-01 8.54582238e-02 3.39696596e-19)	2	1.94432693e+00	(2.73429996e-02 8.55624250e-03 1.02607584e-18)	3
1.5             	p               	3.92856267e-01	(5.35157052e-01 8.54582238e-02 3.39696596e-19)	2	1.94661433e+00	(2.73429996e-02 8.55624250e-03 1.02607584e-18)	3
1.52            	p               	3.90534823e-01	(5.35157052e-01 8.54582238e-02 3.39696596e-19)	2	1.94301267e+00	(2.73429996e-02 8.55624250e-03 1.02607584e-18)	3
1.54            	p               	3.89931848e-01	(5.35157052e-01 8.54582238e-02 3.39696596e-19)	2	1.94853837e+00	(2.73429996e-02 8.55624250e-03 1.02607584e-18)	3
1.56            	p               	3.90680350e-01	(5.35157052e-01 8.54582238e-02 3.39696596e-19)	2	1.94413020e+00	(2.73429996e-02 8.55624250e-03 1.02607584e-18)	3
1.58            	p               	3.89217343e-01	(5.27344553e-01 8.68314735e-02 -1.46568437e-19)	2	1.94622273e+00	(2.73429996e-02 8.55624250e-03 1.02607584e-18)	3
1.6             	p               	3.93252792e-01	(5.27344553e-01 8.68314735e-02 -1.46568437e-19)	2	1.94550054e+00	(2.73429996e-02 8.55624250e-03 1.02607584e-18)	3
1.62            	p               	3.99229339e-01	(5.35157052e-01 8.54582238e-02 3.39696596e-19)	2	1.94244546e+00	(2.73429996e-02 8.55624250e-03 1.02607584e-18)	3
1.64            	p               	3.95981587e-01	(5.35157052e-01 8.54582238e-02 3.39696596e-19)	2	1.94831491e+00	(2.73429996e-02 8.55624250e-03 1.02607584e-18)	3
1.66            	p               	3.92325324e-01	(5.35157052e-01 8.54582238e-02 3.39696596e-19)	2	1.94411694e+00	(2.73429996e-02 8.55624250e-03 1.02607584e-18)	3
1.68            	p               	3.90666955e-01	(5.35157052e-01 8.54582238e-02 3.39696596e-19)	2	1.94764990e+00	(2.73429996e-02 8.55624250e-03 1.02607584e-18)	3
1.7             	p               	3.89709960e-01	(5.35157052e-01 8.54582238e-02 3.39696596e-19)	2	1.94462807e+00	(2.73429996e-02 8.55624250e-03 1.02607584e-18)	3
1.72            	p               	3.90392075e-01	(5.27344553e-01 8.68314735e-02 -1.46568437e-19)	2	1.94283694e+00	(2.73429996e-02 8.55624250e-03 1.02607584e-18)	3
1.74            	p               	3.89506034e-01	(5.27344553e-01 8.68314735e-02 -1.46568437e-19)	2	1.94763941e+00	(2.73429996e-02 8.55624250e-03 1.02607584e-18)	3
1.76            	p               	3.95256829e-01	(5.27344553e-01 8.68314735e-02 -1.46568437e-19)	2	1.94375484e+00	(2.73429996e-02 8.55624250e-03 1.02607584e-18)	3
1.78            	p               	3.98521644e-01	(5.35157052e-01 8.54582238e-02 3.39696596e-19)	2	1.94835480e+00	(2.73429996e-02 8.55624250e-03 1.02607584e-18)	3
1.8             	p               	3.94553358e-01	(5.35157052e-01 8.54582238e-02 3.39696596e-19)	2	1.94418998e+00	(2.73429996e-02 8.55624250e-03 1.02607584e-18)	3
1.82            	p               	3.91744152e-01	(5.35157052e-01 8.54582238e-02 3.39696596e-19)	2	1.94434284e+00	(2.73429996e-02 8.55624250e-03 1.02607584e-18)	3
1.84            	p               	3.90224322e-01	(5.35157052e-01 8.54582238e-02 3.39696596e-19)	2	1.94660443e+00	(2.73429996e-02 8.55624250e-03 1.02607584e-18)	3
1.86            	p               	3.89969844e-01	(5.35157052e-01 8.54582238e-02 3.39696596e-19)	2	1.94300648e+00	(2.73429996e-02 8.55624250e-03 1.02607584e-18)	3
1.88            	p               	3.89233799e-01	(5.27344553e-01 8.68314735e-02 -1.46568437e-19)	2	1.94853870e+00	(2.73429996e-02 8.55624250e-03 1.02607584e-18)	3
1.9             	p               	3.90953104e-01	(5.27344553e-01 8.68314735e-02 -1.46568437e-19)	2	1.94413058e+00	(2.73429996e-02 8.55624250e-03 1.02607584e-18)	3
1.92            	p               	3.98942865e-01	(5.27344553e-01 8.68314735e-02 -1.46568437e-19)	2	1.94623696e+00	(2.73429996e-02 8.55624250e-03 1.02607584e-18)	3
1.94            	p               	3.96858243e-01	(5.35157052e-01 8.54582238e-02 3.39696596e-19)	2	1.94549245e+00	(2.73429996e-02 8.55624250e-03 1.02607584e-18)	3
1.96            	p               	3.93136458e-01	(5.35157052e-01 8.54582238e-02 3.39696596e-19)	2	1.94244367e+00	(2.73429996e-02 8.55624250e-03 1.02607584e-18)	3
1.98            	p               	3.91028659e-01	(5.35157052e-01 8.54582238e-02 3.39696596e-19)	2	1.94831095e+00	(2.73429996e-02 8.55624250e-03 1.02607584e-18)	3
2               	p               	3.89714884e-01	(5.35157052e-01 8.54582238e-02 3.39696596e-19)	2	1.94411588e+00	(2.73429996e-02 8.55624250e-03 1.02607584e-18)	3
2.02            	p               	3.91263949e-01	(5.27344553e-01 8.68314735e-02 -1.46568437e-19)	2	1.94765872e+00	(2.73429996e-02 8.55624250e-03 1.02607584e-18)	3
2.04            	p               	3.88930050e-01	(5.27344553e-01 8.68314735e-02 -1.46568437e-19)	2	1.94462239e+00	(2.73429996e-02 8.55624250e-03 1.02607584e-18)	3
2.06            	p               	3.94496183e-01	(5.27344553e-01 8.68314735e-02 -1.46568437e-19)	2	1.94284490e+00	(2.73429996e-02 8.55624250e-03 1.02607584e-18)	3
2.08            	p               	3.98745770e-01	(5.35157052e-01 8.54582238e-02 3.39696596e-19)	2	1.94763243e+00	(2.73429996e-02 8.55624250e-03 1.02607584e-18)	3
2.1             	p               	3.94810726e-01	(5.35157052e-01 8.54582238e-02 3.39696596e-19)	2	1.94374934e+00	(2.73429996e-02 8.55624250e-03 1.02607584e-18)	3
2.12            	p               	3.91996514e-01	(5.35157052e-01 8.54582238e-02 3.39696596e-19)	2	1.94835787e+00	(2.73429996e-02 8.55624250e-03 1.02607584e-18)	3
2.14            	p               	3.90092195e-01	(5.35157052e-01 8.54582238e-02 3.39696596e-19)	2	1.94418824e+00	(2.73429996e-02 8.55624250e-03 1.02607584e-18)	3
2.16            	p               	3.90139586e-01	(5.35157052e-01 8.54582238e-02 3.39696596e-19)	2	1.94435825e+00	(2.73429996e-02 8.55624250e-03 1.02607584e-18)	3
2.18            	p               	3.89070919e-01	(5.27344553e-01 8.68314735e-02 -1.46568437e-19)	2	1.94659478e+00	(2.73429996e-02 8.55624250e-03 1.02607584e-18)	3
2.2             	p               	3.91083610e-01	(5.27344553e-01 8.68314735e-02 -1.46568437e-19)	2	1.94300052e+00	(2.73429996e-02 8.55624250e-03 1.02607584e-18)	3
2.22            	p               	3.98859907e-01	(5.27344553e-01 8.68314735e-02 -1.46568437e-19)	2	1.94853880e+00	(2.73429996e-02 8.55624250e-03 1.02607584e-18)	3
2.24            	p               	3.96666389e-01	(5.35157052e-01 8.54582238e-02 3.39696596e-19)	2	1.94413057e+00	(2.73429996e-02 8.55624250e-03 1.02607584e-18)	3
2.26            	p               	3.93238327e-01	(5.35157052e-01 8.54582238e-02 3.39696596e-19)	2	1.94625199e+00	(2.73429996e-02 8.55624250e-03 1.02607584e-18)	3
2.28            	p               	3.90843169e-01	(5.35157052e-01 8.54582238e-02 3.39696596e-19)	2	1.94548411e+00	(2.73429996e-02 8.55624250e-03 1.02607584e-18)	3
2.3             	p               	3.89840447e-01	(5.35157052e-01 8.54582238e-02 3.39696596e-19)	2	1.94244226e+00	(2.73429996e-02 8.55624250e-03 1.02607584e-18)	3
2.32            	p               	3.91225821e-01	(5.27344553e-01 8.68314735e-02 -1.46568437e-19)	2	1.94830730e+00	(2.73429996e-02 8.55624250e-03 1.02607584e-18)	3
2.34            	p               	3.89061573e-01	(5.27344553e-01 8.68314735e-02 -1.46568437e-19)	2	1.94411533e+00	(2.73429996e-02 8.55624250e-03 1.02607584e-18)	3
2.36            	p               	3.94952170e-01	(5.27344553e-01 8.68314735e-02 -1.46568437e-19)	2	1.94766657e+00	(2.73429996e-02 8.55624250e-03 1.02607584e-18)	3
2.38            	p               	3.98001773e-01	(5.35157052e-01 8.54582238e-02 3.39696596e-19)	2	1.94461701e+00	(2.73429996e-02 8.55624250e-03 1.02607584e-18)	3
2.4             	p               	3.94324884e-01	(5.35157052e-01 8.54582238e-02 3.39696596e-19)	2	1.94285366e+00	(2.73429996e-02 8.55624250e-03 1.02607584e-18)	3
2.42            	p               	3.91579117e-01	(5.35157052e-01 8.54582238e-02 3.39696596e-19)	2	1.94762506e+00	(2.73429996e-02 8.55624250e-03 1.02607584e-18)	3
2.44            	p               	3.89903601e-01	(5.35157052e-01 8.54582238e-02 3.39696596e-19)	2	1.94374450e+00	(2.73429996e-02 8.55624250e-03 1.02607584e-18)	3
2.46            	p               	3.90390028e-01	(5.35157052e-01 8.54582238e-02 3.39696596e-19)	2	1.94836138e+00	(2.73429996e-02 8.55624250e-03 1.02607584e-18)	3
2.48            	p               	3.88678073e-01	(5.27344553e-01 8.68314735e-02 -1.46568437e-19)	2	1.94418662e+00	(2.73429996e-02 8.55624250e-03 1.02607584e-18)	3
2.5             	p               	3.92232081e-01	(5.27344553e-01 8.68314735e-02 -1.46568437e-19)	2	1.94437214e+00	(2.73429996e-02 8.55624250e-03 1.02607584e-18)	3
2.52            	p               	3.99513123e-01	(5.35157052e-01 8.54582238e-02 3.39696596e-19)	2	1.94658606e+00	(2.73429996e-02 8.55624250e-03 1.02607584e-18)	3
2.54            	p               	3.96053421e-01	(5.35157052e-01 8.54582238e-02 3.39696596e-19)	2	1.94299356e+00	(2.73429996e-02 8.55624250e-03 1.02607584e-18)	3
2.56            	p               	3.92761510e-01	(5.35157052e-01 8.54582238e-02 3.39696596e-19)	2	1.94853805e+00	(2.73429996e-02 8.55624250e-03 1.02607584e-18)	3
2.58            	p               	3.90393681e-01	(5.35157052e-01 8.54582238e-02 3.39696596e-19)	2	1.94413089e+00	(2.73429996e-02 8.55624250e-03 1.02607584e-18)	3
2.6             	p               	3.89993761e-01	(5.35157052e-01 8.54582238e-02 3.39696596e-19)	2	1.94626628e+00	(2.73429996e-02 8.55624250e-03 1.02607584e-18)	3
2.62            	p               	3.89831761e-01	(5.27344553e-01 8.68314735e-02 -1.46568437e-19)	2	1.94547547e+00	(2.73429996e-02 8.55624250e-03 1.02607584e-18)	3
2.64            	p               	3.89824406e-01	(5.27344553e-01 8.68314735e-02 -1.46568437e-19)	2	1.94244115e+00	(2.73429996e-02 8.55624250e-03 1.02607584e-18)	3
2.66            	p               	3.96508645e-01	(5.27344553e-01 8.68314735e-02 -1.46568437e-19)	2	1.94830408e+00	(2.73429996e-02 8.55624250e-03 1.02607584e-18)	3
2.68            	p               	3.97630693e-01	(5.35157052e-01 8.54582238e-02 3.39696596e-19)	2	1.94411366e+00	(2.73429996e-02 8.55624250e-03 1.02607584e-18)	3
2.7             	p               	3.94028753e-01	(5.35157052e-01 8.54582238e-02 3.39696596e-19)	2	1.94767517e+00	(2.73429996e-02 8.55624250e-03 1.02607584e-18)	3
2.72            	p               	3.91143229e-01	(5.35157052e-01 8.54582238e-02 3.39696596e-19)	2	1.94461187e+00	(2.73429996e-02 8.55624250e-03 1.02607584e-18)	3
2.74            	p               	3.89978736e-01	(5.35157052e-01 8.54582238e-02 3.39696596e-19)	2	1.94286197e+00	(2.73429996e-02 8.55624250e-03 1.02607584e-18)	3
2.76            	p               	3.90616940e-01	(5.35157052e-01 8.54582238e-02 3.39696596e-19)	2	1.94761764e+00	(2.73429996e-02 8.55624250e-03 1.02607584e-18)	3
2.78            	p               	3.88752413e-01	(5.27344553e-01 8.68314735e-02 -1.46568437e-19)	2	1.94374012e+00	(2.73429996e-02 8.55624250e-03 1.02607584e-18)	3
2.8             	p               	3.93477987e-01	(5.27344553e-01 8.68314735e-02 -1.46568437e-19)	2	1.94836460e+00	(2.73429996e-02 8.55624250e-03 1.02607584e-18)	3
2.82            	p               	3.98932324e-01	(5.35157052e-01 8.54582238e-02 3.39696596e-19)	2	1.94418490e+00	(2.73429996e-02 8.55624250e-03 1.02607584e-18)	3
2.84            	p               	3.95392632e-01	(5.35157052e-01 8.54582238e-02 3.39696596e-19)	2	1.94438793e+00	(2.73429996e-02 8.55624250e-03 1.02607584e-18)	3
2.86            	p               	3.92108800e-01	(5.35157052e-01 8.54582238e-02 3.39696596e-19)	2	1.94657704e+00	(2.73429996e-02 8.55624250e-03 1.02607584e-18)	3
2.88            	p               	3.90178188e-01	(5.35157052e-01 8.54582238e-02 3.39696596e-19)	2	1.94298690e+00	(2.73429996e-02 8.55624250e-03 1.02607584e-18)	3
2.9             	p               	3.90082295e-01	(5.35157052e-01 8.54582238e-02 3.39696596e-19)	2	1.94853794e+00	(2.73429996e-02 8.55624250e-03 1.02607584e-18)	3
2.92            	p               	3.89024858e-01	(5.27344553e-01 8.68314735e-02 -1.46568437e-19)	2	1.94413130e+00	(2.73429996e-02 8.55624250e-03 1.02607584e-18)	3
2.94            	p               	3.91044971e-01	(5.27344553e-01 8.68314735e-02 -1.46568437e-19)	2	1.94628018e+00	(2.73429996e-02 8.55624250e-03 1.02607584e-18)	3
2.96            	p               	3.98566342e-01	(5.27344553e-01 8.68314735e-02 -1.46568437e-19)	2	1.94546704e+00	(2.73429996e-02 8.55624250e-03 1.02607584e-18)	3
2.98            	p               	3.96503461e-01	(5.35157052e-01 8.54582238e-02 3.39696596e-19)	2	1.94243970e+00	(2.73429996e-02 8.55624250e-03 1.02607584e-18)	3
3               	p               	3.93003287e-01	(5.35157052e-01 8.54582238e-02 3.39696596e-19)	2	1.94830013e+00	(2.73429996e-02 8.55624250e-03 1.02607584e-18)	3
3.02            	p               	3.90455154e-01	(5.35157052e-01 8.54582238e-02 3.39696596e-19)	2	1.94411222e+00	(2.73429996e-02 8.55624250e-03 1.02607584e-18)	3
3.04            	p               	3.89915604e-01	(5.35157052e-01 8.54582238e-02 3.39696596e-19)	2	1.94768392e+00	(2.73429996e-02 8.55624250e-03 1.02607584e-18)	3
3.06            	p               	3.90467563e-01	(5.27344553e-01 8.68314735e-02 -1.46568437e-19)	2	1.94460634e+00	(2.73429996e-02 8.55624250e-03 1.02607584e-18)	3
3.08            	p               	3.89389367e-01	(5.27344553e-01 8.68314735e-02 -1.46568437e-19)	2	1.94287047e+00	(2.73429996e-02 8.55624250e-03 1.02607584e-18)	3
3.1             	p               	3.95359098e-01	(5.27344553e-01 8.68314735e-02 -1.46568437e-19)	2	1.94761018e+00	(2.73429996e-02 8.55624250e-03 1.02607584e-18)	3
3.12            	p               	3.98119199e-01	(5.35157052e-01 8.54582238e-02 3.39696596e-19)	2	1.94373528e+00	(2.73429996e-02 8.55624250e-03 1.02607584e-18)	3
3.14            	p               	3.94411338e-01	(5.35157052e-01 8.54582238e-02 3.39696596e-19)	2	1.94836765e+00	(2.73429996e-02 8.55624250e-03 1.02607584e-18)	3
3.16            	p               	3.91223644e-01	(5.35157052e-01 8.54582238e-02 3.39696596e-19)	2	1.94418321e+00	(2.73429996e-02 8.55624250e-03 1.02607584e-18)	3
3.18            	p               	3.90037872e-01	(5.35157052e-01 8.54582238e-02 3.39696596e-19)	2	1.94440403e+00	(2.73429996e-02 8.55624250e-03 1.02607584e-18)	3
3.2             	p               	3.90366171e-01	(5.35157052e-01 8.54582238e-02 3.39696596e-19)	2	1.94656759e+00	(2.73429996e-02 8.55624250e-03 1.02607584e-18)	3
3.22            	p               	3.88659830e-01	(5.27344553e-01 8.68314735e-02 -1.46568437e-19)	2	1.94298054e+00	(2.73429996e-02 8.55624250e-03 1.02607584e-18)	3
3.24            	p               	3.93149324e-01	(5.27344553e-01 8.68314735e-02 -1.46568437e-19)	2	1.94853794e+00	(2.73429996e-02 8.55624250e-03 1.02607584e-18)	3
3.26            	p               	3.99484994e-01	(5.35157052e-01 8.54582238e-02 3.39696596e-19)	2	1.94413190e+00	(2.73429996e-02 8.55624250e-03 1.02607584e-18)	3
3.28            	p               	3.96271406e-01	(5.35157052e-01 8.54582238e-02 3.39696596e-19)	2	1.94629367e+00	(2.73429996e-02 8.55624250e-03 1.02607584e-18)	3
3.3             	p               	3.92700314e-01	(5.35157052e-01 8.54582238e-02 3.39696596e-19)	2	1.94545880e+00	(2.73429996e-02 8.55624250e-03 1.02607584e-18)	3
3.32            	p               	3.90448303e-01	(5.35157052e-01 8.54582238e-02 3.39696596e-19)	2	1.94243829e+00	(2.73429996e-02 8.55624250e-03 1.02607584e-18)	3
3.34            	p               	3.89674083e-01	(5.35157052e-01 8.54582238e-02 3.39696596e-19)	2	1.94829601e+00	(2.73429996e-02 8.55624250e-03 1.02607584e-18)	3
3.36            	p               	3.89936310e-01	(5.35157052e-01 8.54582238e-02 3.39696596e-19)	2	1.94411097e+00	(2.73429996e-02 8.55624250e-03 1.02607584e-18)	3
3.38            	p               	3.89090177e-01	(5.27344553e-01 8.68314735e-02 -1.46568437e-19)	2	1.94769252e+00	(2.73429996e-02 8.55624250e-03 1.02607584e-18)	3
3.4             	p               	3.90797798e-01	(5.27344553e-01 8.68314735e-02 -1.46568437e-19)	2	1.94460086e+00	(2.73429996e-02 8.55624250e-03 1.02607584e-18)	3
3.42            	p               	3.97598850e-01	(5.27344553e-01 8.68314735e-02 -1.46568437e-19)	2	1.94287852e+00	(2.73429996e-02 8.55624250e-03 1.02607584e-18)	3
3.44            	p               	3.98424399e-01	(5.35157052e-01 8.54582238e-02 3.39696596e-19)	2	1.94760324e+00	(2.73429996e-02 8.55624250e-03 1.02607584e-18)	3
3.46            	p               	3.94524672e-01	(5.35157052e-01 8.54582238e-02 3.39696596e-19)	2	1.94372968e+00	(2.73429996e-02 8.55624250e-03 1.02607584e-18)	3
3.48            	p               	3.91877510e-01	(5.35157052e-01 8.54582238e-02 3.39696596e-19)	2	1.94837047e+00	(2.73429996e-02 8.55624250e-03 1.02607584e-18)	3
3.5             	p               	3.89973252e-01	(5.35157052e-01 8.54582238e-02 3.39696596e-19)	2	1.94418163e+00	(2.73429996e-02 8.55624250e-03 1.02607584e-18)	3
3.52            	p               	3.89826980e-01	(5.35157052e-01 8.54582238e-02 3.39696596e-19)	2	1.94441931e+00	(2.73429996e-02 8.55624250e-03 1.02607584e-18)	3
3.54            	p               	3.89841936e-01	(5.27344553e-01 8.68314735e-02 -1.46568437e-19)	2	1.94655810e+00	(2.73429996e-02 8.55624250e-03 1.02607584e-18)	3
3.56            	p               	3.89604948e-01	(5.27344553e-01 8.68314735e-02 -1.46568437e-19)	2	1.94297488e+00	(2.73429996e-02 8.55624250e-03 1.02607584e-18)	3
3.58            	p               	3.95350688e-01	(5.27344553e-01 8.68314735e-02 -1.46568437e-19)	2	1.94853803e+00	(2.73429996e-02 8.55624250e-03 1.02607584e-18)	3
3.6             	p               	3.98597446e-01	(5.35157052e-01 8.54582238e-02 3.39696596e-19)	2	1.94413184e+00	(2.73429996e-02 8.55624250e-03 1.02607584e-18)	3
3.62            	p               	3.95178310e-01	(5.35157052e-01 8.54582238e-02 3.39696596e-19)	2	1.94630853e+00	(2.73429996e-02 8.55624250e-03 1.02607584e-18)	3
3.64            	p               	3.91978121e-01	(5.35157052e-01 8.54582238e-02 3.39696596e-19)	2	1.94545064e+00	(2.73429996e-02 8.55624250e-03 1.02607584e-18)	3
3.66            	p               	3.90208684e-01	(5.35157052e-01 8.54582238e-02 3.39696596e-19)	2	1.94243711e+00	(2.73429996e-02 8.55624250e-03 1.02607584e-18)	3
3.68            	p               	3.89937487e-01	(5.35157052e-01 8.54582238e-02 3.39696596e-19)	2	1.94829232e+00	(2.73429996e-02 8.55624250e-03 1.02607584e-18)	3
3.7             	p               	3.89598135e-01	(5.27344553e-01 8.68314735e-02 -1.46568437e-19)	2	1.94411034e+00	(2.73429996e-02 8.55624250e-03 1.02607584e-18)	3
3.72            	p               	3.90062194e-01	(5.27344553e-01 8.68314735e-02 -1.46568437e-19)	2	1.94770004e+00	(2.73429996e-02 8.55624250e-03 1.02607584e-18)	3
3.74            	p               	3.95696358e-01	(5.27344553e-01 8.68314735e-02 -1.46568437e-19)	2	1.94459569e+00	(2.73429996e-02 8.55624250e-03 1.02607584e-18)	3
3.76            	p               	3.98090970e-01	(5.35157052e-01 8.54582238e-02 3.39696596e-19)	2	1.94288753e+00	(2.73429996e-02 8.55624250e-03 1.02607584e-18)	3
3.78            	p               	3.94432427e-01	(5.35157052e-01 8.54582238e-02 3.39696596e-19)	2	1.94759577e+00	(2.73429996e-02 8.55624250e-03 1.02607584e-18)	3
3.8             	p               	3.91363588e-01	(5.35157052e-01 8.54582238e-02 3.39696596e-19)	2	1.94372459e+00	(2.73429996e-02 8.55624250e-03 1.02607584e-18)	3
3.82            	p               	3.90272969e-01	(5.35157052e-01 8.54582238e-02 3.39696596e-19)	2	1.94837385e+00	(2.73429996e-02 8.55624250e-03 1.02607584e-18)	3
3.84            	p               	3.90013640e-01	(5.35157052e-01 8.54582238e-02 3.39696596e-19)	2	1.94418005e+00	(2.73429996e-02 8.55624250e-03 1.02607584e-18)	3
3.86            	p               	3.89182854e-01	(5.27344553e-01 8.68314735e-02 -1.46568437e-19)	2	1.94443358e+00	(2.73429996e-02 8.55624250e-03 1.02607584e-18)	3
3.88            	p               	3.91627211e-01	(5.27344553e-01 8.68314735e-02 -1.46568437e-19)	2	1.94654918e+00	(2.73429996e-02 8.55624250e-03 1.02607584e-18)	3
3.9             	p               	3.99425900e-01	(5.35157052e-01 8.54582238e-02 3.39696596e-19)	2	1.94296806e+00	(2.73429996e-02 8.55624250e-03 1.02607584e-18)	3
3.92            	p               	3.96664240e-01	(5.35157052e-01 8.54582238e-02 3.39696596e-19)	2	1.94853715e+00	(2.73429996e-02 8.55624250e-03 1.02607584e-18)	3
3.94            	p               	3.92830676e-01	(5.35157052e-01 8.54582238e-02 3.39696596e-19)	2	1.94413213e+00	(2.73429996e-02 8.55624250e-03 1.02607584e-18)	3
3.96            	p               	3.90897402e-01	(5.35157052e-01 8.54582238e-02 3.39696596e-19)	2	1.94632286e+00	(2.73429996e-02 8.55624250e-03 1.02607584e-18)	3
3.98            	p               	3.89842295e-01	(5.35157052e-01 8.54582238e-02 3.39696596e-19)	2	1.94544206e+00	(2.73429996e-02 8.55624250e-03 1.02607584e-18)	3
4               	p               	3.90874232e-01	(5.27344553e-01 8.68314735e-02 -1.46568437e-19)	2	1.94243611e+00	(2.73429996e-02 8.55624250e-03 1.02607584e-18)	3
4.02            	p               	3.89282057e-01	(5.27344553e-01 8.68314735e-02 -1.46568437e-19)	2	1.94828864e+00	(2.73429996e-02 8.55624250e-03 1.02607584e-18)	3
4.04            	p               	3.94139373e-01	(5.27344553e-01 8.68314735e-02 -1.46568437e-19)	2	1.94410889e+00	(2.73429996e-02 8.55624250e-03 1.02607584e-18)	3
4.06            	p               	3.98823518e-01	(5.35157052e-01 8.54582238e-02 3.39696596e-19)	2	1.94770834e+00	(2.73429996e-02 8.55624250e-03 1.02607584e-18)	3
4.08            	p               	3.94921176e-01	(5.35157052e-01 8.54582238e-02 3.39696596e-19)	2	1.94459058e+00	(2.73429996e-02 8.55624250e-03 1.02607584e-18)	3
4.1             	p               	3.91856591e-01	(5.35157052e-01 8.54582238e-02 3.39696596e-19)	2	1.94289637e+00	(2.73429996e-02 8.55624250e-03 1.02607584e-18)	3
4.12            	p               	3.90321216e-01	(5.35157052e-01 8.54582238e-02 3.39696596e-19)	2	1.94758818e+00	(2.73429996e-02 8.55624250e-03 1.02607584e-18)	3
4.14            	p               	3.89858787e-01	(5.35157052e-01 8.54582238e-02 3.39696596e-19)	2	1.94371975e+00	(2.73429996e-02 8.55624250e-03 1.02607584e-18)	3
4.16            	p               	3.89147513e-01	(5.27344553e-01 8.68314735e-02 -1.46568437e-19)	2	1.94837710e+00	(2.73429996e-02 8.55624250e-03 1.02607584e-18)	3
4.18            	p               	3.90913631e-01	(5.27344553e-01 8.68314735e-02 -1.46568437e-19)	2	1.94417853e+00	(2.73429996e-02 8.55624250e-03 1.02607584e-18)	3
4.2             	p               	3.99376048e-01	(5.27344553e-01 8.68314735e-02 -1.46568437e-19)	2	1.94444902e+00	(2.73429996e-02 8.55624250e-03 1.02607584e-18)	3
4.22            	p               	3.96742544e-01	(5.35157052e-01 8.54582238e-02 3.39696596e-19)	2	1.94654007e+00	(2.73429996e-02 8.55624250e-03 1.02607584e-18)	3
4.24            	p               	3.92766395e-01	(5.35157052e-01 8.54582238e-02 3.39696596e-19)	2	1.94296118e+00	(2.73429996e-02 8.55624250e-03 1.02607584e-18)	3
4.26            	p               	3.90710779e-01	(5.35157052e-01 8.54582238e-02 3.39696596e-19)	2	1.94853672e+00	(2.73429996e-02 8.55624250e-03 1.02607584e-18)	3
4.28            	p               	3.89451548e-01	(5.35157052e-01 8.54582238e-02 3.39696596e-19)	2	1.94413248e+00	(2.73429996e-02 8.55624250e-03 1.02607584e-18)	3
4.3             	p               	3.89733876e-01	(5.27344553e-01 8.68314735e-02 -1.46568437e-19)	2	1.94633705e+00	(2.73429996e-02 8.55624250e-03 1.02607584e-18)	3
4.32            	p               	3.89401647e-01	(5.27344553e-01 8.68314735e-02 -1.46568437e-19)	2	1.94543344e+00	(2.73429996e-02 8.55624250e-03 1.02607584e-18)	3
4.34            	p               	4.00124558e-01	(5.35157052e-01 8.54582238e-02 3.39696596e-19)	2	1.94243515e+00	(2.73429996e-02 8.55624250e-03 1.02607584e-18)	3
4.36            	p               	3.95466252e-01	(5.35157052e-01 8.54582238e-02 3.39696596e-19)	2	1.94828499e+00	(2.73429996e-02 8.55624250e-03 1.02607584e-18)	3
4.38            	p               	3.91091976e-01	(5.35157052e-01 8.54582238e-02 3.39696596e-19)	2	1.94410709e+00	(2.73429996e-02 8.55624250e-03 1.02607584e-18)	3
4.4             	p               	3.89827705e-01	(5.35157052e-01 8.54582238e-02 3.39696596e-19)	2	1.94771687e+00	(2.73429996e-02 8.55624250e-03 1.02607584e-18)	3
4.42            	p               	3.89292597e-01	(5.27344553e-01 8.68314735e-02 -1.46568437e-19)	2	1.94458532e+00	(2.73429996e-02 8.55624250e-03 1.02607584e-18)	3
4.44            	p               	3.90486766e-01	(5.27344553e-01 8.68314735e-02 -1.46568437e-19)	2	1.94290527e+00	(2.73429996e-02 8.55624250e-03 1.02607584e-18)	3
4.46            	p               	4.00637998e-01	(5.35157052e-01 8.54582238e-02 3.39696596e-19)	2	1.94758048e+00	(2.73429996e-02 8.55624250e-03 1.02607584e-18)	3
4.48            	p               	3.95316894e-01	(5.35157052e-01 8.54582238e-02 3.39696596e-19)	2	1.94371530e+00	(2.73429996e-02 8.55624250e-03 1.02607584e-18)	3
4.5             	p               	3.91356346e-01	(5.35157052e-01 8.54582238e-02 3.39696596e-19)	2	1.94838010e+00	(2.73429996e-02 8.55624250e-03 1.02607584e-18)	3
4.52            	p               	3.89547550e-01	(5.35157052e-01 8.54582238e-02 3.39696596e-19)	2	1.94417682e+00	(2.73429996e-02 8.55624250e-03 1.02607584e-18)	3
4.54            	p               	3.89551046e-01	(5.27344553e-01 8.68314735e-02 -1.46568437e-19)	2	1.94446524e+00	(2.73429996e-02 8.55624250e-03 1.02607584e-18)	3
4.56            	p               	3.90511631e-01	(5.27344553e-01 8.68314735e-02 -1.46568437e-19)	2	1.94653091e+00	(2.73429996e-02 8.55624250e-03 1.02607584e-18)	3
4.58            	p               	3.98868493e-01	(5.35157052e-01 8.54582238e-02 3.39696596e-19)	2	1.94295485e+00	(2.73429996e-02 8.55624250e-03 1.02607584e-18)	3
4.6             	p               	3.94568869e-01	(5.35157052e-01 8.54582238e-02 3.39696596e-19)	2	1.94853663e+00	(2.73429996e-02 8.55624250e-03 1.02607584e-18)	3
4.62            	p               	3.91056764e-01	(5.35157052e-01 8.54582238e-02 3.39696596e-19)	2	1.94413317e+00	(2.73429996e-02 8.55624250e-03 1.02607584e-18)	3
4.64            	p               	3.89676838e-01	(5.35157052e-01 8.54582238e-02 3.39696596e-19)	2	1.94634994e+00	(2.73429996e-02 8.55624250e-03 1.02607584e-18)	3
4.66            	p               	3.88938848e-01	(5.35157052e-01 8.54582238e-02 3.39696596e-19)	2	1.94542533e+00	(2.73429996e-02 8.55624250e-03 1.02607584e-18)	3
4.68            	p               	3.89207502e-01	(5.35157052e-01 8.54582238e-02 3.39696596e-19)	2	1.94243409e+00	(2.73429996e-02 8.55624250e-03 1.02607584e-18)	3
4.7             	p               	3.90009587e-01	(5.35157052e-01 8.54582238e-02 3.39696596e-19)	2	1.94828074e+00	(2.73429996e-02 8.55624250e-03 1.02607584e-18)	3
4.72            	p               	3.90150143e-01	(5.35157052e-01 8.54582238e-02 3.39696596e-19)	2	1.94410579e+00	(2.73429996e-02 8.55624250e-03 1.02607584e-18)	3
4.74            	p               	3.90587402e-01	(5.35157052e-01 8.54582238e-02 3.39696596e-19)	2	1.94772512e+00	(2.73429996e-02 8.55624250e-03 1.02607584e-18)	3
4.76            	p               	3.90071299e-01	(5.35157052e-01 8.54582238e-02 3.39696596e-19)	2	1.94458002e+00	(2.73429996e-02 8.55624250e-03 1.02607584e-18)	3
4.78            	p               	3.89776650e-01	(5.35157052e-01 8.54582238e-02 3.39696596e-19)	2	1.94291344e+00	(2.73429996e-02 8.55624250e-03 1.02607584e-18)	3
4.8             	p               	3.89401808e-01	(5.35157052e-01 8.54582238e-02 3.39696596e-19)	2	1.94757356e+00	(2.73429996e-02 8.55624250e-03 1.02607584e-18)	3
4.82            	p               	3.89107944e-01	(5.35157052e-01 8.54582238e-02 3.39696596e-19)	2	1.94370955e+00	(2.73429996e-02 8.55624250e-03 1.02607584e-18)	3
4.84            	p               	3.90823527e-01	(5.35157052e-01 8.54582238e-02 3.39696596e-19)	2	1.94838275e+00	(2.73429996e-02 8.55624250e-03 1.02607584e-18)	3
4.86            	p               	3.88677575e-01	(5.27344553e-01 8.68314735e-02 -1.46568437e-19)	2	1.94417540e+00	(2.73429996e-02 8.55624250e-03 1.02607584e-18)	3
4.88            	p               	3.92035930e-01	(5.27344553e-01 8.68314735e-02 -1.46568437e-19)	2	1.94448057e+00	(2.73429996e-02 8.55624250e-03 1.02607584e-18)	3
4.9             	p               	3.98743324e-01	(5.27344553e-01 8.68314735e-02 -1.46568437e-19)	2	1.94652149e+00	(2.73429996e-02 8.55624250e-03 1.02607584e-18)	3
4.92            	p               	3.97420045e-01	(5.35157052e-01 8.54582238e-02 3.39696596e-19)	2	1.94294926e+00	(2.73429996e-02 8.55624250e-03 1.02607584e-18)	3
4.94            	p               	3.93901354e-01	(5.35157052e-01 8.54582238e-02 3.39696596e-19)	2	1.94853661e+00	(2.73429996e-02 8.55624250e-03 1.02607584e-18)	3
4.96            	p               	3.90971136e-01	(5.35157052e-01 8.54582238e-02 3.39696596e-19)	2	1.94413318e+00	(2.73429996e-02 8.55624250e-03 1.02607584e-18)	3
4.98            	p               	3.90016688e-01	(5.35157052e-01 8.54582238e-02 3.39696596e-19)	2	1.94636457e+00	(2.73429996e-02 8.55624250e-03 1.02607584e-18)	3
5               	p               	3.90179853e-01	(5.35157052e-01 8.54582238e-02 3.39696596e-19)	2	1.94541732e+00	(2.73429996e-02 8.55624250e-03 1.02607584e-18)	3
5.02            	p               	3.88792608e-01	(5.27344553e-01 8.68314735e-02 -1.46568437e-19)	2	1.94243308e+00	(2.73429996e-02 8.55624250e-03 1.02607584e-18)	3
5.04            	p               	3.92631464e-01	(5.27344553e-01 8.68314735e-02 -1.46568437e-19)	2	1.94827687e+00	(2.73429996e-02 8.55624250e-03 1.02607584e-18)	3
5.06            	p               	3.99702643e-01	(5.35157052e-01 8.54582238e-02 3.39696596e-19)	2	1.94410479e+00	(2.73429996e-02 8.55624250e-03 1.02607584e-18)	3
5.08            	p               	3.96749700e-01	(5.35157052e-01 8.54582238e-02 3.39696596e-19)	2	1.94773285e+00	(2.73429996e-02 8.55624250e-03 1.02607584e-18)	3
5.1             	p               	3.92748112e-01	(5.35157052e-01 8.54582238e-02 3.39696596e-19)	2	1.94457491e+00	(2.73429996e-02 8.55624250e-03 1.02607584e-18)	3
5.12            	p               	3.90580623e-01	(5.35157052e-01 8.54582238e-02 3.39696596e-19)	2	1.94292262e+00	(2.73429996e-02 8.55624250e-03 1.02607584e-18)	3
5.14            	p               	3.89756427e-01	(5.35157052e-01 8.54582238e-02 3.39696596e-19)	2	1.94756603e+00	(2.73429996e-02 8.55624250e-03 1.02607584e-18)	3
5.16            	p               	3.89670566e-01	(5.27344553e-01 8.68314735e-02 -1.46568437e-19)	2	1.94370413e+00	(2.73429996e-02 8.55624250e-03 1.02607584e-18)	3
5.18            	p               	3.89586076e-01	(5.27344553e-01 8.68314735e-02 -1.46568437e-19)	2	1.94838593e+00	(2.73429996e-02 8.55624250e-03 1.02607584e-18)	3
5.2             	p               	3.96369770e-01	(5.27344553e-01 8.68314735e-02 -1.46568437e-19)	2	1.94417387e+00	(2.73429996e-02 8.55624250e-03 1.02607584e-18)	3
5.22            	p               	3.97871338e-01	(5.35157052e-01 8.54582238e-02 3.39696596e-19)	2	1.94449574e+00	(2.73429996e-02 8.55624250e-03 1.02607584e-18)	3
5.24            	p               	3.93756299e-01	(5.35157052e-01 8.54582238e-02 3.39696596e-19)	2	1.94651216e+00	(2.73429996e-02 8.55624250e-03 1.02607584e-18)	3
5.26            	p               	3.90852500e-01	(5.35157052e-01 8.54582238e-02 3.39696596e-19)	2	1.94294270e+00	(2.73429996e-02 8.55624250e-03 1.02607584e-18)	3
5.28            	p               	3.89921117e-01	(5.35157052e-01 8.54582238e-02 3.39696596e-19)	2	1.94853595e+00	(2.73429996e-02 8.55624250e-03 1.02607584e-18)	3
5.3             	p               	3.90578053e-01	(5.35157052e-01 8.54582238e-02 3.39696596e-19)	2	1.94413339e+00	(2.73429996e-02 8.55624250e-03 1.02607584e-18)	3
5.32            	p               	3.88982456e-01	(5.27344553e-01 8.68314735e-02 -1.46568437e-19)	2	1.94637922e+00	(2.73429996e-02 8.55624250e-03 1.02607584e-18)	3
5.34            	p               	3.94497613e-01	(5.27344553e-01 8.68314735e-02 -1.46568437e-19)	2	1.94540876e+00	(2.73429996e-02 8.55624250e-03 1.02607584e-18)	3
5.36            	p               	3.98543061e-01	(5.35157052e-01 8.54582238e-02 3.39696596e-19)	2	1.94243235e+00	(2.73429996e-02 8.55624250e-03 1.02607584e-18)	3
5.38            	p               	3.94600302e-01	(5.35157052e-01 8.54582238e-02 3.39696596e-19)	2	1.94827295e+00	(2.73429996e-02 8.55624250e-03 1.02607584e-18)	3
5.4             	p               	3.91238758e-01	(5.35157052e-01 8.54582238e-02 3.39696596e-19)	2	1.94410367e+00	(2.73429996e-02 8.55624250e-03 1.02607584e-18)	3
5.42            	p               	3.90095833e-01	(5.35157052e-01 8.54582238e-02 3.39696596e-19)	2	1.94774063e+00	(2.73429996e-02 8.55624250e-03 1.02607584e-18)	3
5.44            	p               	3.90090509e-01	(5.35157052e-01 8.54582238e-02 3.39696596e-19)	2	1.94456985e+00	(2.73429996e-02 8.55624250e-03 1.02607584e-18)	3
5.46            	p               	3.88755470e-01	(5.27344553e-01 8.68314735e-02 -1.46568437e-19)	2	1.94293206e+00	(2.73429996e-02 8.55624250e-03 1.02607584e-18)	3
5.48            	p               	3.92941922e-01	(5.27344553e-01 8.68314735e-02 -1.46568437e-19)	2	1.94755829e+00	(2.73429996e-02 8.55624250e-03 1.02607584e-18)	3
5.5             	p               	3.99092418e-01	(5.35157052e-01 8.54582238e-02 3.39696596e-19)	2	1.94369899e+00	(2.73429996e-02 8.55624250e-03 1.02607584e-18)	3
5.52            	p               	3.95454572e-01	(5.35157052e-01 8.54582238e-02 3.39696596e-19)	2	1.94838919e+00	(2.73429996e-02 8.55624250e-03 1.02607584e-18)	3
5.54            	p               	3.91804804e-01	(5.35157052e-01 8.54582238e-02 3.39696596e-19)	2	1.94417249e+00	(2.73429996e-02 8.55624250e-03 1.02607584e-18)	3
5.56            	p               	3.90245791e-01	(5.35157052e-01 8.54582238e-02 3.39696596e-19)	2	1.94451041e+00	(2.73429996e-02 8.55624250e-03 1.02607584e-18)	3
5.58            	p               	3.89906653e-01	(5.35157052e-01 8.54582238e-02 3.39696596e-19)	2	1.94650318e+00	(2.73429996e-02 8.55624250e-03 1.02607584e-18)	3
5.6             	p               	3.88837489e-01	(5.27344553e-01 8.68314735e-02 -1.46568437e-19)	2	1.94293587e+00	(2.73429996e-02 8.55624250e-03 1.02607584e-18)	3
5.62            	p               	3.91446170e-01	(5.27344553e-01 8.68314735e-02 -1.46568437e-19)	2	1.94853507e+00	(2.73429996e-02 8.55624250e-03 1.02607584e-18)	3
5.64            	p               	3.99554991e-01	(5.35157052e-01 8.54582238e-02 3.39696596e-19)	2	1.94413367e+00	(2.73429996e-02 8.55624250e-03 1.02607584e-18)	3
5.66            	p               	3.96375951e-01	(5.35157052e-01 8.54582238e-02 3.39696596e-19)	2	1.94639336e+00	(2.73429996e-02 8.55624250e-03 1.02607584e-18)	3
5.68            	p               	3.92578792e-01	(5.35157052e-01 8.54582238e-02 3.39696596e-19)	2	1.94540016e+00	(2.73429996e-02 8.55624250e-03 1.02607584e-18)	3
5.7             	p               	3.90418878e-01	(5.35157052e-01 8.54582238e-02 3.39696596e-19)	2	1.94243174e+00	(2.73429996e-02 8.55624250e-03 1.02607584e-18)	3
5.72            	p               	3.89893237e-01	(5.35157052e-01 8.54582238e-02 3.39696596e-19)	2	1.94826941e+00	(2.73429996e-02 8.55624250e-03 1.02607584e-18)	3
5.74            	p               	3.89466017e-01	(5.27344553e-01 8.68314735e-02 -1.46568437e-19)	2	1.94410174e+00	(2.73429996e-02 8.55624250e-03 1.02607584e-18)	3
5.76            	p               	3.90154670e-01	(5.27344553e-01 8.68314735e-02 -1.46568437e-19)	2	1.94774874e+00	(2.73429996e-02 8.55624250e-03 1.02607584e-18)	3
5.78            	p               	3.97317176e-01	(5.27344553e-01 8.68314735e-02 -1.46568437e-19)	2	1.94456486e+00	(2.73429996e-02 8.55624250e-03 1.02607584e-18)	3
5.8             	p               	3.97353293e-01	(5.35157052e-01 8.54582238e-02 3.39696596e-19)	2	1.94294111e+00	(2.73429996e-02 8.55624250e-03 1.02607584e-18)	3
5.82            	p               	3.93530221e-01	(5.35157052e-01 8.54582238e-02 3.39696596e-19)	2	1.94755063e+00	(2.73429996e-02 8.55624250e-03 1.02607584e-18)	3
5.84            	p               	3.90751665e-01	(5.35157052e-01 8.54582238e-02 3.39696596e-19)	2	1.94369463e+00	(2.73429996e-02 8.55624250e-03 1.02607584e-18)	3
5.86            	p               	3.89998938e-01	(5.35157052e-01 8.54582238e-02 3.39696596e-19)	2	1.94839209e+00	(2.73429996e-02 8.55624250e-03 1.02607584e-18)	3
5.88            	p               	3.90677209e-01	(5.27344553e-01 8.68314735e-02 -1.46568437e-19)	2	1.94417090e+00	(2.73429996e-02 8.55624250e-03 1.02607584e-18)	3
5.9             	p               	3.89216011e-01	(5.27344553e-01 8.68314735e-02 -1.46568437e-19)	2	1.94452666e+00	(2.73429996e-02 8.55624250e-03 1.02607584e-18)	3
5.92            	p               	3.94925173e-01	(5.27344553e-01 8.68314735e-02 -1.46568437e-19)	2	1.94649410e+00	(2.73429996e-02 8.55624250e-03 1.02607584e-18)	3
5.94            	p               	3.98291958e-01	(5.35157052e-01 8.54582238e-02 3.39696596e-19)	2	1.94292961e+00	(2.73429996e-02 8.55624250e-03 1.02607584e-18)	3
5.96            	p               	3.94517519e-01	(5.35157052e-01 8.54582238e-02 3.39696596e-19)	2	1.94853485e+00	(2.73429996e-02 8.55624250e-03 1.02607584e-18)	3
5.98            	p               	3.91243010e-01	(5.35157052e-01 8.54582238e-02 3.39696596e-19)	2	1.94413431e+00	(2.73429996e-02 8.55624250e-03 1.02607584e-18)	3
6               	p               	3.90101627e-01	(5.35157052e-01 8.54582238e-02 3.39696596e-19)	2	1.94640593e+00	(2.73429996e-02 8.55624250e-03 1.02607584e-18)	3
6.02            	p               	3.90177145e-01	(5.35157052e-01 8.54582238e-02 3.39696596e-19)	2	1.94539223e+00	(2.73429996e-02 8.55624250e-03 1.02607584e-18)	3
6.04            	p               	3.88748969e-01	(5.27344553e-01 8.68314735e-02 -1.46568437e-19)	2	1.94243091e+00	(2.73429996e-02 8.55624250e-03 1.02607584e-18)	3
6.06            	p               	3.92738390e-01	(5.27344553e-01 8.68314735e-02 -1.46568437e-19)	2	1.94826500e+00	(2.73429996e-02 8.55624250e-03 1.02607584e-18)	3
6.08            	p               	3.99228827e-01	(5.35157052e-01 8.54582238e-02 3.39696596e-19)	2	1.94410025e+00	(2.73429996e-02 8.55624250e-03 1.02607584e-18)	3
6.1             	p               	3.95804367e-01	(5.35157052e-01 8.54582238e-02 3.39696596e-19)	2	1.94775689e+00	(2.73429996e-02 8.55624250e-03 1.02607584e-18)	3
6.12            	p               	3.92190250e-01	(5.35157052e-01 8.54582238e-02 3.39696596e-19)	2	1.94455963e+00	(2.73429996e-02 8.55624250e-03 1.02607584e-18)	3
6.14            	p               	3.90372028e-01	(5.35157052e-01 8.54582238e-02 3.39696596e-19)	2	1.94294980e+00	(2.73429996e-02 8.55624250e-03 1.02607584e-18)	3
6.16            	p               	3.89981502e-01	(5.35157052e-01 8.54582238e-02 3.39696596e-19)	2	1.94754341e+00	(2.73429996e-02 8.55624250e-03 1.02607584e-18)	3
6.18            	p               	3.89109342e-01	(5.27344553e-01 8.68314735e-02 -1.46568437e-19)	2	1.94368893e+00	(2.73429996e-02 8.55624250e-03 1.02607584e-18)	3
6.2             	p               	3.90976030e-01	(5.27344553e-01 8.68314735e-02 -1.46568437e-19)	2	1.94839458e+00	(2.73429996e-02 8.55624250e-03 1.02607584e-18)	3
6.22            	p               	3.98899454e-01	(5.27344553e-01 8.68314735e-02 -1.46568437e-19)	2	1.94416960e+00	(2.73429996e-02 8.55624250e-03 1.02607584e-18)	3
6.24            	p               	3.96714812e-01	(5.35157052e-01 8.54582238e-02 3.39696596e-19)	2	1.94454227e+00	(2.73429996e-02 8.55624250e-03 1.02607584e-18)	3
6.26            	p               	3.92928975e-01	(5.35157052e-01 8.54582238e-02 3.39696596e-19)	2	1.94648463e+00	(2.73429996e-02 8.55624250e-03 1.02607584e-18)	3
6.28            	p               	3.90515209e-01	(5.35157052e-01 8.54582238e-02 3.39696596e-19)	2	1.94292361e+00	(2.73429996e-02 8.55624250e-03 1.02607584e-18)	3
6.3             	p               	3.89930595e-01	(5.35157052e-01 8.54582238e-02 3.39696596e-19)	2	1.94853456e+00	(2.73429996e-02 8.55624250e-03 1.02607584e-18)	3
6.32            	p               	3.89912931e-01	(5.27344553e-01 8.68314735e-02 -1.46568437e-19)	2	1.94413460e+00	(2.73429996e-02 8.55624250e-03 1.02607584e-18)	3
6.34            	p               	3.89711042e-01	(5.27344553e-01 8.68314735e-02 -1.46568437e-19)	2	1.94642010e+00	(2.73429996e-02 8.55624250e-03 1.02607584e-18)	3
6.36            	p               	3.96164416e-01	(5.27344553e-01 8.68314735e-02 -1.46568437e-19)	2	1.94538415e+00	(2.73429996e-02 8.55624250e-03 1.02607584e-18)	3
6.38            	p               	3.97780988e-01	(5.35157052e-01 8.54582238e-02 3.39696596e-19)	2	1.94243013e+00	(2.73429996e-02 8.55624250e-03 1.02607584e-18)	3
6.4             	p               	3.93983591e-01	(5.35157052e-01 8.54582238e-02 3.39696596e-19)	2	1.94826083e+00	(2.73429996e-02 8.55624250e-03 1.02607584e-18)	3
6.42            	p               	3.90960557e-01	(5.35157052e-01 8.54582238e-02 3.39696596e-19)	2	1.94409896e+00	(2.73429996e-02 8.55624250e-03 1.02607584e-18)	3
6.44            	p               	3.90045166e-01	(5.35157052e-01 8.54582238e-02 3.39696596e-19)	2	1.94776478e+00	(2.73429996e-02 8.55624250e-03 1.02607584e-18)	3
6.46            	p               	3.90470212e-01	(5.35157052e-01 8.54582238e-02 3.39696596e-19)	2	1.94455455e+00	(2.73429996e-02 8.55624250e-03 1.02607584e-18)	3
6.48            	p               	3.88937942e-01	(5.27344553e-01 8.68314735e-02 -1.46568437e-19)	2	1.94295901e+00	(2.73429996e-02 8.55624250e-03 1.02607584e-18)	3
6.5             	p               	3.93979564e-01	(5.27344553e-01 8.68314735e-02 -1.46568437e-19)	2	1.94753590e+00	(2.73429996e-02 8.55624250e-03 1.02607584e-18)	3
6.52            	p               	3.98229908e-01	(5.35157052e-01 8.54582238e-02 3.39696596e-19)	2	1.94368314e+00	(2.73429996e-02 8.55624250e-03 1.02607584e-18)	3
6.54            	p               	3.94113505e-01	(5.35157052e-01 8.54582238e-02 3.39696596e-19)	2	1.94839749e+00	(2.73429996e-02 8.55624250e-03 1.02607584e-18)	3
6.56            	p               	3.90927080e-01	(5.35157052e-01 8.54582238e-02 3.39696596e-19)	2	1.94416814e+00	(2.73429996e-02 8.55624250e-03 1.02607584e-18)	3
6.58            	p               	3.89616173e-01	(5.35157052e-01 8.54582238e-02 3.39696596e-19)	2	1.94455790e+00	(2.73429996e-02 8.55624250e-03 1.02607584e-18)	3
6.6             	p               	3.89714145e-01	(5.35157052e-01 8.54582238e-02 3.39696596e-19)	2	1.94647504e+00	(2.73429996e-02 8.55624250e-03 1.02607584e-18)	3
6.62            	p               	3.89065902e-01	(5.27344553e-01 8.68314735e-02 -1.46568437e-19)	2	1.94291772e+00	(2.73429996e-02 8.55624250e-03 1.02607584e-18)	3
6.64            	p               	3.91475383e-01	(5.27344553e-01 8.68314735e-02 -1.46568437e-19)	2	1.94853420e+00	(2.73429996e-02 8.55624250e-03 1.02607584e-18)	3
6.66            	p               	3.96393782e-01	(5.27344553e-01 8.68314735e-02 -1.46568437e-19)	2	1.94413460e+00	(2.73429996e-02 8.55624250e-03 1.02607584e-18)	3
6.68            	p               	3.94344515e-01	(5.35157052e-01 8.54582238e-02 3.39696596e-19)	2	1.94643474e+00	(2.73429996e-02 8.55624250e-03 1.02607584e-18)	3
6.7             	p               	3.93258535e-01	(5.27344553e-01 8.68314735e-02 -1.46568437e-19)	2	1.94537592e+00	(2.73429996e-02 8.55624250e-03 1.02607584e-18)	3
6.72            	p               	3.90447420e-01	(5.27344553e-01 8.68314735e-02 -1.46568437e-19)	2	1.94242964e+00	(2.73429996e-02 8.55624250e-03 1.02607584e-18)	3
6.74            	p               	3.89394955e-01	(5.27344553e-01 8.68314735e-02 -1.46568437e-19)	2	1.94825675e+00	(2.73429996e-02 8.55624250e-03 1.02607584e-18)	3
6.76            	p               	3.89505370e-01	(5.27344553e-01 8.68314735e-02 -1.46568437e-19)	2	1.94409804e+00	(2.73429996e-02 8.55624250e-03 1.02607584e-18)	3
6.78            	p               	3.92813288e-01	(5.27344553e-01 8.68314735e-02 -1.46568437e-19)	2	1.94777209e+00	(2.73429996e-02 8.55624250e-03 1.02607584e-18)	3
6.8             	p               	3.95056695e-01	(5.27344553e-01 8.68314735e-02 -1.46568437e-19)	2	1.94454954e+00	(2.73429996e-02 8.55624250e-03 1.02607584e-18)	3
6.82            	p               	3.95901763e-01	(5.27344553e-01 8.68314735e-02 -1.46568437e-19)	2	1.94296882e+00	(2.73429996e-02 8.55624250e-03 1.02607584e-18)	3
6.84            	p               	3.95350837e-01	(5.27344553e-01 8.68314735e-02 -1.46568437e-19)	2	1.94752822e+00	(2.73429996e-02 8.55624250e-03 1.02607584e-18)	3
6.86            	p               	3.96086474e-01	(5.27344553e-01 8.68314735e-02 -1.46568437e-19)	2	1.94367787e+00	(2.73429996e-02 8.55624250e-03 1.02607584e-18)	3
6.88            	p               	3.99377427e-01	(5.27344553e-01 8.68314735e-02 -1.46568437e-19)	2	1.94840063e+00	(2.73429996e-02 8.55624250e-03 1.02607584e-18)	3
6.9             	p               	3.99302667e-01	(5.35157052e-01 8.54582238e-02 3.39696596e-19)	2	1.94416689e+00	(2.73429996e-02 8.55624250e-03 1.02607584e-18)	3
6.92            	p               	3.96037771e-01	(5.35157052e-01 8.54582238e-02 3.39696596e-19)	2	1.94457218e+00	(2.73429996e-02 8.55624250e-03 1.02607584e-18)	3
6.94            	p               	3.92736894e-01	(5.35157052e-01 8.54582238e-02 3.39696596e-19)	2	1.94646616e+00	(2.73429996e-02 8.55624250e-03 1.02607584e-18)	3
6.96            	p               	3.90425202e-01	(5.35157052e-01 8.54582238e-02 3.39696596e-19)	2	1.94291098e+00	(2.73429996e-02 8.55624250e-03 1.02607584e-18)	3
6.98            	p               	3.89776426e-01	(5.35157052e-01 8.54582238e-02 3.39696596e-19)	2	1.94853312e+00	(2.73429996e-02 8.55624250e-03 1.02607584e-18)	3
7               	p               	3.90216553e-01	(5.35157052e-01 8.54582238e-02 3.39696596e-19)	2	1.94413493e+00	(2.73429996e-02 8.55624250e-03 1.02607584e-18)	3
7.02            	p               	3.88941761e-01	(5.27344553e-01 8.68314735e-02 -1.46568437e-19)	2	1.94644851e+00	(2.73429996e-02 8.55624250e-03 1.02607584e-18)	3
7.04            	p               	3.92562510e-01	(5.27344553e-01 8.68314735e-02 -1.46568437e-19)	2	1.94536752e+00	(2.73429996e-02 8.55624250e-03 1.02607584e-18)	3
7.06            	p               	3.99504607e-01	(5.35157052e-01 8.54582238e-02 3.39696596e-19)	2	1.94242936e+00	(2.73429996e-02 8.55624250e-03 1.02607584e-18)	3
7.08            	p               	3.95955925e-01	(5.35157052e-01 8.54582238e-02 3.39696596e-19)	2	1.94825316e+00	(2.73429996e-02 8.55624250e-03 1.02607584e-18)	3
7.1             	p               	3.91855337e-01	(5.35157052e-01 8.54582238e-02 3.39696596e-19)	2	1.94409598e+00	(2.73429996e-02 8.55624250e-03 1.02607584e-18)	3
7.12            	p               	3.90339279e-01	(5.35157052e-01 8.54582238e-02 3.39696596e-19)	2	1.94777998e+00	(2.73429996e-02 8.55624250e-03 1.02607584e-18)	3
7.14            	p               	3.89503949e-01	(5.35157052e-01 8.54582238e-02 3.39696596e-19)	2	1.94454476e+00	(2.73429996e-02 8.55624250e-03 1.02607584e-18)	3
7.16            	p               	3.89667074e-01	(5.27344553e-01 8.68314735e-02 -1.46568437e-19)	2	1.94297813e+00	(2.73429996e-02 8.55624250e-03 1.02607584e-18)	3
7.18            	p               	3.92702485e-01	(5.27344553e-01 8.68314735e-02 -1.46568437e-19)	2	1.94752051e+00	(2.73429996e-02 8.55624250e-03 1.02607584e-18)	3
7.2             	p               	3.98539072e-01	(5.35157052e-01 8.54582238e-02 3.39696596e-19)	2	1.94367333e+00	(2.73429996e-02 8.55624250e-03 1.02607584e-18)	3
7.22            	p               	3.96085725e-01	(5.35157052e-01 8.54582238e-02 3.39696596e-19)	2	1.94840345e+00	(2.73429996e-02 8.55624250e-03 1.02607584e-18)	3
7.24            	p               	3.92379000e-01	(5.35157052e-01 8.54582238e-02 3.39696596e-19)	2	1.94416545e+00	(2.73429996e-02 8.55624250e-03 1.02607584e-18)	3
7.26            	p               	3.90517940e-01	(5.35157052e-01 8.54582238e-02 3.39696596e-19)	2	1.94458839e+00	(2.73429996e-02 8.55624250e-03 1.02607584e-18)	3
7.28            	p               	3.89644937e-01	(5.35157052e-01 8.54582238e-02 3.39696596e-19)	2	1.94645713e+00	(2.73429996e-02 8.55624250e-03 1.02607584e-18)	3
7.3             	p               	3.90249643e-01	(5.27344553e-01 8.68314735e-02 -1.46568437e-19)	2	1.94290462e+00	(2.73429996e-02 8.55624250e-03 1.02607584e-18)	3
7.32            	p               	3.89277019e-01	(5.27344553e-01 8.68314735e-02 -1.46568437e-19)	2	1.94853273e+00	(2.73429996e-02 8.55624250e-03 1.02607584e-18)	3
7.34            	p               	3.95141033e-01	(5.27344553e-01 8.68314735e-02 -1.46568437e-19)	2	1.94413540e+00	(2.73429996e-02 8.55624250e-03 1.02607584e-18)	3
7.36            	p               	3.98540559e-01	(5.35157052e-01 8.54582238e-02 3.39696596e-19)	2	1.94646175e+00	(2.73429996e-02 8.55624250e-03 1.02607584e-18)	3
7.38            	p               	3.94477382e-01	(5.35157052e-01 8.54582238e-02 3.39696596e-19)	2	1.94535942e+00	(2.73429996e-02 8.55624250e-03 1.02607584e-18)	3
7.4             	p               	3.91414307e-01	(5.35157052e-01 8.54582238e-02 3.39696596e-19)	2	1.94242884e+00	(2.73429996e-02 8.55624250e-03 1.02607584e-18)	3
7.42            	p               	3.90116084e-01	(5.35157052e-01 8.54582238e-02 3.39696596e-19)	2	1.94824875e+00	(2.73429996e-02 8.55624250e-03 1.02607584e-18)	3
7.44            	p               	3.89798276e-01	(5.35157052e-01 8.54582238e-02 3.39696596e-19)	2	1.94409423e+00	(2.73429996e-02 8.55624250e-03 1.02607584e-18)	3
7.46            	p               	3.89069138e-01	(5.27344553e-01 8.68314735e-02 -1.46568437e-19)	2	1.94778804e+00	(2.73429996e-02 8.55624250e-03 1.02607584e-18)	3
7.48            	p               	3.91026500e-01	(5.27344553e-01 8.68314735e-02 -1.46568437e-19)	2	1.94453963e+00	(2.73429996e-02 8.55624250e-03 1.02607584e-18)	3
7.5             	p               	3.98942449e-01	(5.27344553e-01 8.68314735e-02 -1.46568437e-19)	2	1.94298754e+00	(2.73429996e-02 8.55624250e-03 1.02607584e-18)	3
7.52            	p               	3.97328647e-01	(5.35157052e-01 8.54582238e-02 3.39696596e-19)	2	1.94751280e+00	(2.73429996e-02 8.55624250e-03 1.02607584e-18)	3
7.54            	p               	3.93381279e-01	(5.35157052e-01 8.54582238e-02 3.39696596e-19)	2	1.94366783e+00	(2.73429996e-02 8.55624250e-03 1.02607584e-18)	3
7.56            	p               	3.91170941e-01	(5.35157052e-01 8.54582238e-02 3.39696596e-19)	2	1.94840605e+00	(2.73429996e-02 8.55624250e-03 1.02607584e-18)	3
7.58            	p               	3.89693112e-01	(5.35157052e-01 8.54582238e-02 3.39696596e-19)	2	1.94416414e+00	(2.73429996e-02 8.55624250e-03 1.02607584e-18)	3
7.6             	p               	3.90492704e-01	(5.35157052e-01 8.54582238e-02 3.39696596e-19)	2	1.94460466e+00	(2.73429996e-02 8.55624250e-03 1.02607584e-18)	3
7.62            	p               	3.88816693e-01	(5.27344553e-01 8.68314735e-02 -1.46568437e-19)	2	1.94644757e+00	(2.73429996e-02 8.55624250e-03 1.02607584e-18)	3
7.64            	p               	3.92262382e-01	(5.27344553e-01 8.68314735e-02 -1.46568437e-19)	2	1.94289851e+00	(2.73429996e-02 8.55624250e-03 1.02607584e-18)	3
7.66            	p               	3.99738580e-01	(5.35157052e-01 8.54582238e-02 3.39696596e-19)	2	1.94853235e+00	(2.73429996e-02 8.55624250e-03 1.02607584e-18)	3
7.68            	p               	3.96336535e-01	(5.35157052e-01 8.54582238e-02 3.39696596e-19)	2	1.94413596e+00	(2.73429996e-02 8.55624250e-03 1.02607584e-18)	3
7.7             	p               	3.93023687e-01	(5.35157052e-01 8.54582238e-02 3.39696596e-19)	2	1.94647496e+00	(2.73429996e-02 8.55624250e-03 1.02607584e-18)	3
7.72            	p               	3.90720350e-01	(5.35157052e-01 8.54582238e-02 3.39696596e-19)	2	1.94535143e+00	(2.73429996e-02 8.55624250e-03 1.02607584e-18)	3
7.74            	p               	3.89805738e-01	(5.35157052e-01 8.54582238e-02 3.39696596e-19)	2	1.94242836e+00	(2.73429996e-02 8.55624250e-03 1.02607584e-18)	3
7.76            	p               	3.91071314e-01	(5.27344553e-01 8.68314735e-02 -1.46568437e-19)	2	1.94824425e+00	(2.73429996e-02 8.55624250e-03 1.02607584e-18)	3
7.78            	p               	3.88985143e-01	(5.27344553e-01 8.68314735e-02 -1.46568437e-19)	2	1.94409269e+00	(2.73429996e-02 8.55624250e-03 1.02607584e-18)	3
7.8             	p               	3.94360808e-01	(5.27344553e-01 8.68314735e-02 -1.46568437e-19)	2	1.94779598e+00	(2.73429996e-02 8.55624250e-03 1.02607584e-18)	3
7.82            	p               	3.98769170e-01	(5.35157052e-01 8.54582238e-02 3.39696596e-19)	2	1.94453455e+00	(2.73429996e-02 8.55624250e-03 1.02607584e-18)	3
7.84            	p               	3.95209527e-01	(5.35157052e-01 8.54582238e-02 3.39696596e-19)	2	1.94299665e+00	(2.73429996e-02 8.55624250e-03 1.02607584e-18)	3
7.86            	p               	3.92142003e-01	(5.35157052e-01 8.54582238e-02 3.39696596e-19)	2	1.94750546e+00	(2.73429996e-02 8.55624250e-03 1.02607584e-18)	3
7.88            	p               	3.90174898e-01	(5.35157052e-01 8.54582238e-02 3.39696596e-19)	2	1.94366188e+00	(2.73429996e-02 8.55624250e-03 1.02607584e-18)	3
7.9             	p               	3.90124641e-01	(5.35157052e-01 8.54582238e-02 3.39696596e-19)	2	1.94840847e+00	(2.73429996e-02 8.55624250e-03 1.02607584e-18)	3
7.92            	p               	3.89199622e-01	(5.27344553e-01 8.68314735e-02 -1.46568437e-19)	2	1.94416284e+00	(2.73429996e-02 8.55624250e-03 1.02607584e-18)	3
7.94            	p               	3.90718922e-01	(5.27344553e-01 8.68314735e-02 -1.46568437e-19)	2	1.94462036e+00	(2.73429996e-02 8.55624250e-03 1.02607584e-18)	3
7.96            	p               	3.97601819e-01	(5.27344553e-01 8.68314735e-02 -1.46568437e-19)	2	1.94643794e+00	(2.73429996e-02 8.55624250e-03 1.02607584e-18)	3
7.98            	p               	3.97173950e-01	(5.35157052e-01 8.54582238e-02 3.39696596e-19)	2	1.94289295e+00	(2.73429996e-02 8.55624250e-03 1.02607584e-18)	3
8               	p               	3.93666058e-01	(5.35157052e-01 8.54582238e-02 3.39696596e-19)	2	1.94853210e+00	(2.73429996e-02 8.55624250e-03 1.02607584e-18)	3
8.02            	p               	3.90876657e-01	(5.35157052e-01 8.54582238e-02 3.39696596e-19)	2	1.94413591e+00	(2.73429996e-02 8.55624250e-03 1.02607584e-18)	3
8.04            	p               	3.90080198e-01	(5.35157052e-01 8.54582238e-02 3.39696596e-19)	2	1.94648930e+00	(2.73429996e-02 8.55624250e-03 1.02607584e-18)	3
8.06            	p               	3.90747344e-01	(5.35157052e-01 8.54582238e-02 3.39696596e-19)	2	1.94534346e+00	(2.73429996e-02 8.55624250e-03 1.02607584e-18)	3
8.08            	p               	3.89064989e-01	(5.27344553e-01 8.68314735e-02 -1.46568437e-19)	2	1.94242814e+00	(2.73429996e-02 8.55624250e-03 1.02607584e-18)	3
8.1             	p               	3.93850986e-01	(5.27344553e-01 8.68314735e-02 -1.46568437e-19)	2	1.94824013e+00	(2.73429996e-02 8.55624250e-03 1.02607584e-18)	3
8.12            	p               	3.98726978e-01	(5.35157052e-01 8.54582238e-02 3.39696596e-19)	2	1.94409174e+00	(2.73429996e-02 8.55624250e-03 1.02607584e-18)	3
8.14            	p               	3.95336220e-01	(5.35157052e-01 8.54582238e-02 3.39696596e-19)	2	1.94780293e+00	(2.73429996e-02 8.55624250e-03 1.02607584e-18)	3
8.16            	p               	3.91955479e-01	(5.35157052e-01 8.54582238e-02 3.39696596e-19)	2	1.94452976e+00	(2.73429996e-02 8.55624250e-03 1.02607584e-18)	3
8.18            	p               	3.90330169e-01	(5.35157052e-01 8.54582238e-02 3.39696596e-19)	2	1.94300672e+00	(2.73429996e-02 8.55624250e-03 1.02607584e-18)	3
8.2             	p               	3.89997217e-01	(5.35157052e-01 8.54582238e-02 3.39696596e-19)	2	1.94749774e+00	(2.73429996e-02 8.55624250e-03 1.02607584e-18)	3
8.22            	p               	3.90240969e-01	(5.27344553e-01 8.68314735e-02 -1.46568437e-19)	2	1.94365650e+00	(2.73429996e-02 8.55624250e-03 1.02607584e-18)	3
8.24            	p               	3.92642815e-01	(5.27344553e-01 8.68314735e-02 -1.46568437e-19)	2	1.94841143e+00	(2.73429996e-02 8.55624250e-03 1.02607584e-18)	3
8.26            	p               	3.91695981e-01	(5.35157052e-01 8.54582238e-02 3.39696596e-19)	2	1.94416165e+00	(2.73429996e-02 8.55624250e-03 1.02607584e-18)	3
8.28            	p               	3.91089003e-01	(5.35157052e-01 8.54582238e-02 3.39696596e-19)	2	1.94463458e+00	(2.73429996e-02 8.55624250e-03 1.02607584e-18)	3
8.3             	p               	3.88753074e-01	(5.35157052e-01 8.54582238e-02 3.39696596e-19)	2	1.94642911e+00	(2.73429996e-02 8.55624250e-03 1.02607584e-18)	3
8.32            	p               	3.89400715e-01	(5.35157052e-01 8.54582238e-02 3.39696596e-19)	2	1.94288628e+00	(2.73429996e-02 8.55624250e-03 1.02607584e-18)	3
8.34            	p               	3.89651238e-01	(5.27344553e-01 8.68314735e-02 -1.46568437e-19)	2	1.94853088e+00	(2.73429996e-02 8.55624250e-03 1.02607584e-18)	3
8.36            	p               	3.89041701e-01	(5.27344553e-01 8.68314735e-02 -1.46568437e-19)	2	1.94413622e+00	(2.73429996e-02 8.55624250e-03 1.02607584e-18)	3
8.38            	p               	3.94352946e-01	(5.27344553e-01 8.68314735e-02 -1.46568437e-19)	2	1.94650305e+00	(2.73429996e-02 8.55624250e-03 1.02607584e-18)	3
8.4             	p               	3.99516995e-01	(5.35157052e-01 8.54582238e-02 3.39696596e-19)	2	1.94533510e+00	(2.73429996e-02 8.55624250e-03 1.02607584e-18)	3
8.42            	p               	3.95753709e-01	(5.35157052e-01 8.54582238e-02 3.39696596e-19)	2	1.94242811e+00	(2.73429996e-02 8.55624250e-03 1.02607584e-18)	3
8.44            	p               	3.92474654e-01	(5.35157052e-01 8.54582238e-02 3.39696596e-19)	2	1.94823623e+00	(2.73429996e-02 8.55624250e-03 1.02607584e-18)	3
8.46            	p               	3.90210966e-01	(5.35157052e-01 8.54582238e-02 3.39696596e-19)	2	1.94408976e+00	(2.73429996e-02 8.55624250e-03 1.02607584e-18)	3
8.48            	p               	3.89918542e-01	(5.35157052e-01 8.54582238e-02 3.39696596e-19)	2	1.94781053e+00	(2.73429996e-02 8.55624250e-03 1.02607584e-18)	3
8.5             	p               	3.89715885e-01	(5.27344553e-01 8.68314735e-02 -1.46568437e-19)	2	1.94452513e+00	(2.73429996e-02 8.55624250e-03 1.02607584e-18)	3
8.52            	p               	3.89830735e-01	(5.27344553e-01 8.68314735e-02 -1.46568437e-19)	2	1.94301644e+00	(2.73429996e-02 8.55624250e-03 1.02607584e-18)	3
8.54            	p               	3.96092359e-01	(5.27344553e-01 8.68314735e-02 -1.46568437e-19)	2	1.94748986e+00	(2.73429996e-02 8.55624250e-03 1.02607584e-18)	3
8.56            	p               	3.97921089e-01	(5.35157052e-01 8.54582238e-02 3.39696596e-19)	2	1.94365138e+00	(2.73429996e-02 8.55624250e-03 1.02607584e-18)	3
8.58            	p               	3.94327256e-01	(5.35157052e-01 8.54582238e-02 3.39696596e-19)	2	1.94841421e+00	(2.73429996e-02 8.55624250e-03 1.02607584e-18)	3
8.6             	p               	3.91248105e-01	(5.35157052e-01 8.54582238e-02 3.39696596e-19)	2	1.94416044e+00	(2.73429996e-02 8.55624250e-03 1.02607584e-18)	3
8.62            	p               	3.90108715e-01	(5.35157052e-01 8.54582238e-02 3.39696596e-19)	2	1.94465051e+00	(2.73429996e-02 8.55624250e-03 1.02607584e-18)	3
8.64            	p               	3.90283024e-01	(5.35157052e-01 8.54582238e-02 3.39696596e-19)	2	1.94641994e+00	(2.73429996e-02 8.55624250e-03 1.02607584e-18)	3
8.66            	p               	3.88853655e-01	(5.27344553e-01 8.68314735e-02 -1.46568437e-19)	2	1.94287974e+00	(2.73429996e-02 8.55624250e-03 1.02607584e-18)	3
8.68            	p               	3.92445157e-01	(5.27344553e-01 8.68314735e-02 -1.46568437e-19)	2	1.94853016e+00	(2.73429996e-02 8.55624250e-03 1.02607584e-18)	3
8.7             	p               	3.99248421e-01	(5.35157052e-01 8.54582238e-02 3.39696596e-19)	2	1.94413661e+00	(2.73429996e-02 8.55624250e-03 1.02607584e-18)	3
8.72            	p               	3.96097204e-01	(5.35157052e-01 8.54582238e-02 3.39696596e-19)	2	1.94651656e+00	(2.73429996e-02 8.55624250e-03 1.02607584e-18)	3
8.74            	p               	3.92507725e-01	(5.35157052e-01 8.54582238e-02 3.39696596e-19)	2	1.94532684e+00	(2.73429996e-02 8.55624250e-03 1.02607584e-18)	3
8.76            	p               	3.90461467e-01	(5.35157052e-01 8.54582238e-02 3.39696596e-19)	2	1.94242796e+00	(2.73429996e-02 8.55624250e-03 1.02607584e-18)	3
8.78            	p               	3.89965819e-01	(5.35157052e-01 8.54582238e-02 3.39696596e-19)	2	1.94823196e+00	(2.73429996e-02 8.55624250e-03 1.02607584e-18)	3
8.8             	p               	3.89681094e-01	(5.27344553e-01 8.68314735e-02 -1.46568437e-19)	2	1.94408769e+00	(2.73429996e-02 8.55624250e-03 1.02607584e-18)	3
8.82            	p               	3.89989086e-01	(5.27344553e-01 8.68314735e-02 -1.46568437e-19)	2	1.94781845e+00	(2.73429996e-02 8.55624250e-03 1.02607584e-18)	3
8.84            	p               	3.96338263e-01	(5.27344553e-01 8.68314735e-02 -1.46568437e-19)	2	1.94452016e+00	(2.73429996e-02 8.55624250e-03 1.02607584e-18)	3
8.86            	p               	3.98068813e-01	(5.35157052e-01 8.54582238e-02 3.39696596e-19)	2	1.94302636e+00	(2.73429996e-02 8.55624250e-03 1.02607584e-18)	3
8.88            	p               	3.94410808e-01	(5.35157052e-01 8.54582238e-02 3.39696596e-19)	2	1.94748189e+00	(2.73429996e-02 8.55624250e-03 1.02607584e-18)	3
8.9             	p               	3.91346846e-01	(5.35157052e-01 8.54582238e-02 3.39696596e-19)	2	1.94364644e+00	(2.73429996e-02 8.55624250e-03 1.02607584e-18)	3
8.92            	p               	3.90368000e-01	(5.35157052e-01 8.54582238e-02 3.39696596e-19)	2	1.94841683e+00	(2.73429996e-02 8.55624250e-03 1.02607584e-18)	3
8.94            	p               	3.90378214e-01	(5.35157052e-01 8.54582238e-02 3.39696596e-19)	2	1.94415906e+00	(2.73429996e-02 8.55624250e-03 1.02607584e-18)	3
8.96            	p               	3.89012908e-01	(5.27344553e-01 8.68314735e-02 -1.46568437e-19)	2	1.94466704e+00	(2.73429996e-02 8.55624250e-03 1.02607584e-18)	3
8.98            	p               	3.93164306e-01	(5.27344553e-01 8.68314735e-02 -1.46568437e-19)	2	1.94641065e+00	(2.73429996e-02 8.55624250e-03 1.02607584e-18)	3
9               	p               	3.98976845e-01	(5.35157052e-01 8.54582238e-02 3.39696596e-19)	2	1.94287361e+00	(2.73429996e-02 8.55624250e-03 1.02607584e-18)	3
9.02            	p               	3.95531821e-01	(5.35157052e-01 8.54582238e-02 3.39696596e-19)	2	1.94852970e+00	(2.73429996e-02 8.55624250e-03 1.02607584e-18)	3
9.04            	p               	3.91941166e-01	(5.35157052e-01 8.54582238e-02 3.39696596e-19)	2	1.94413732e+00	(2.73429996e-02 8.55624250e-03 1.02607584e-18)	3
9.06            	p               	3.90445659e-01	(5.35157052e-01 8.54582238e-02 3.39696596e-19)	2	1.94652912e+00	(2.73429996e-02 8.55624250e-03 1.02607584e-18)	3
9.08            	p               	3.89852784e-01	(5.35157052e-01 8.54582238e-02 3.39696596e-19)	2	1.94531893e+00	(2.73429996e-02 8.55624250e-03 1.02607584e-18)	3
9.1             	p               	3.89323162e-01	(5.27344553e-01 8.68314735e-02 -1.46568437e-19)	2	1.94242789e+00	(2.73429996e-02 8.55624250e-03 1.02607584e-18)	3
9.12            	p               	3.90704020e-01	(5.27344553e-01 8.68314735e-02 -1.46568437e-19)	2	1.94822734e+00	(2.73429996e-02 8.55624250e-03 1.02607584e-18)	3
9.14            	p               	3.98098213e-01	(5.27344553e-01 8.68314735e-02 -1.46568437e-19)	2	1.94408600e+00	(2.73429996e-02 8.55624250e-03 1.02607584e-18)	3
9.16            	p               	3.97132075e-01	(5.35157052e-01 8.54582238e-02 3.39696596e-19)	2	1.94782613e+00	(2.73429996e-02 8.55624250e-03 1.02607584e-18)	3
9.18            	p               	3.93182356e-01	(5.35157052e-01 8.54582238e-02 3.39696596e-19)	2	1.94451526e+00	(2.73429996e-02 8.55624250e-03 1.02607584e-18)	3
9.2             	p               	3.90872280e-01	(5.35157052e-01 8.54582238e-02 3.39696596e-19)	2	1.94303548e+00	(2.73429996e-02 8.55624250e-03 1.02607584e-18)	3
9.22            	p               	3.89944829e-01	(5.35157052e-01 8.54582238e-02 3.39696596e-19)	2	1.94747461e+00	(2.73429996e-02 8.55624250e-03 1.02607584e-18)	3
9.24            	p               	3.90835188e-01	(5.27344553e-01 8.68314735e-02 -1.46568437e-19)	2	1.94364036e+00	(2.73429996e-02 8.55624250e-03 1.02607584e-18)	3
9.26            	p               	3.89289464e-01	(5.27344553e-01 8.68314735e-02 -1.46568437e-19)	2	1.94841902e+00	(2.73429996e-02 8.55624250e-03 1.02607584e-18)	3
9.28            	p               	3.94599133e-01	(5.27344553e-01 8.68314735e-02 -1.46568437e-19)	2	1.94415793e+00	(2.73429996e-02 8.55624250e-03 1.02607584e-18)	3
9.3             	p               	3.98529188e-01	(5.35157052e-01 8.54582238e-02 3.39696596e-19)	2	1.94468257e+00	(2.73429996e-02 8.55624250e-03 1.02607584e-18)	3
9.32            	p               	3.94665915e-01	(5.35157052e-01 8.54582238e-02 3.39696596e-19)	2	1.94640117e+00	(2.73429996e-02 8.55624250e-03 1.02607584e-18)	3
9.34            	p               	3.91492428e-01	(5.35157052e-01 8.54582238e-02 3.39696596e-19)	2	1.94286827e+00	(2.73429996e-02 8.55624250e-03 1.02607584e-18)	3
9.36            	p               	3.90257238e-01	(5.35157052e-01 8.54582238e-02 3.39696596e-19)	2	1.94852938e+00	(2.73429996e-02 8.55624250e-03 1.02607584e-18)	3
9.38            	p               	3.89926604e-01	(5.35157052e-01 8.54582238e-02 3.39696596e-19)	2	1.94413726e+00	(2.73429996e-02 8.55624250e-03 1.02607584e-18)	3
9.4             	p               	3.89035006e-01	(5.27344553e-01 8.68314735e-02 -1.46568437e-19)	2	1.94654325e+00	(2.73429996e-02 8.55624250e-03 1.02607584e-18)	3
9.42            	p               	3.91766110e-01	(5.27344553e-01 8.68314735e-02 -1.46568437e-19)	2	1.94531113e+00	(2.73429996e-02 8.55624250e-03 1.02607584e-18)	3
9.44            	p               	3.99432716e-01	(5.35157052e-01 8.54582238e-02 3.39696596e-19)	2	1.94242787e+00	(2.73429996e-02 8.55624250e-03 1.02607584e-18)	3
9.46            	p               	3.96181654e-01	(5.35157052e-01 8.54582238e-02 3.39696596e-19)	2	1.94822307e+00	(2.73429996e-02 8.55624250e-03 1.02607584e-18)	3
9.48            	p               	3.92353033e-01	(5.35157052e-01 8.54582238e-02 3.39696596e-19)	2	1.94408483e+00	(2.73429996e-02 8.55624250e-03 1.02607584e-18)	3
9.5             	p               	3.90629164e-01	(5.35157052e-01 8.54582238e-02 3.39696596e-19)	2	1.94783306e+00	(2.73429996e-02 8.55624250e-03 1.02607584e-18)	3
9.52            	p               	3.89683212e-01	(5.35157052e-01 8.54582238e-02 3.39696596e-19)	2	1.94451057e+00	(2.73429996e-02 8.55624250e-03 1.02607584e-18)	3
9.54            	p               	3.89805937e-01	(5.27344553e-01 8.68314735e-02 -1.46568437e-19)	2	1.94304577e+00	(2.73429996e-02 8.55624250e-03 1.02607584e-18)	3
9.56            	p               	3.89908067e-01	(5.27344553e-01 8.68314735e-02 -1.46568437e-19)	2	1.94746684e+00	(2.73429996e-02 8.55624250e-03 1.02607584e-18)	3
9.58            	p               	3.97024267e-01	(5.27344553e-01 8.68314735e-02 -1.46568437e-19)	2	1.94363471e+00	(2.73429996e-02 8.55624250e-03 1.02607584e-18)	3
9.6             	p               	3.97645061e-01	(5.35157052e-01 8.54582238e-02 3.39696596e-19)	2	1.94842185e+00	(2.73429996e-02 8.55624250e-03 1.02607584e-18)	3
9.62            	p               	3.93486864e-01	(5.35157052e-01 8.54582238e-02 3.39696596e-19)	2	1.94415677e+00	(2.73429996e-02 8.55624250e-03 1.02607584e-18)	3
9.64            	p               	3.91075072e-01	(5.35157052e-01 8.54582238e-02 3.39696596e-19)	2	1.94469774e+00	(2.73429996e-02 8.55624250e-03 1.02607584e-18)	3
9.66            	p               	3.89886215e-01	(5.35157052e-01 8.54582238e-02 3.39696596e-19)	2	1.94639197e+00	(2.73429996e-02 8.55624250e-03 1.02607584e-18)	3
9.68            	p               	3.90753700e-01	(5.35157052e-01 8.54582238e-02 3.39696596e-19)	2	1.94286188e+00	(2.73429996e-02 8.55624250e-03 1.02607584e-18)	3
9.7             	p               	3.89010609e-01	(5.27344553e-01 8.68314735e-02 -1.46568437e-19)	2	1.94852829e+00	(2.73429996e-02 8.55624250e-03 1.02607584e-18)	3
9.72            	p               	3.94042068e-01	(5.27344553e-01 8.68314735e-02 -1.46568437e-19)	2	1.94413748e+00	(2.73429996e-02 8.55624250e-03 1.02607584e-18)	3
9.74            	p               	3.98819304e-01	(5.35157052e-01 8.54582238e-02 3.39696596e-19)	2	1.94655718e+00	(2.73429996e-02 8.55624250e-03 1.02607584e-18)	3
9.76            	p               	3.94806101e-01	(5.35157052e-01 8.54582238e-02 3.39696596e-19)	2	1.94530285e+00	(2.73429996e-02 8.55624250e-03 1.02607584e-18)	3
9.78            	p               	3.91615817e-01	(5.35157052e-01 8.54582238e-02 3.39696596e-19)	2	1.94242808e+00	(2.73429996e-02 8.55624250e-03 1.02607584e-18)	3
9.8             	p               	3.90231950e-01	(5.35157052e-01 8.54582238e-02 3.39696596e-19)	2	1.94821877e+00	(2.73429996e-02 8.55624250e-03 1.02607584e-18)	3
9.82            	p               	3.89870232e-01	(5.35157052e-01 8.54582238e-02 3.39696596e-19)	2	1.94408309e+00	(2.73429996e-02 8.55624250e-03 1.02607584e-18)	3
9.84            	p               	3.88970224e-01	(5.27344553e-01 8.68314735e-02 -1.46568437e-19)	2	1.94784040e+00	(2.73429996e-02 8.55624250e-03 1.02607584e-18)	3
9.86            	p               	3.91618465e-01	(5.27344553e-01 8.68314735e-02 -1.46568437e-19)	2	1.94450592e+00	(2.73429996e-02 8.55624250e-03 1.02607584e-18)	3
9.88            	p               	3.99568044e-01	(5.35157052e-01 8.54582238e-02 3.39696596e-19)	2	1.94305613e+00	(2.73429996e-02 8.55624250e-03 1.02607584e-18)	3
9.9             	p               	3.96174192e-01	(5.35157052e-01 8.54582238e-02 3.39696596e-19)	2	1.94745877e+00	(2.73429996e-02 8.55624250e-03 1.02607584e-18)	3
9.92            	p               	3.92337845e-01	(5.35157052e-01 8.54582238e-02 3.39696596e-19)	2	1.94362929e+00	(2.73429996e-02 8.55624250e-03 1.02607584e-18)	3
9.94            	p               	3.90607112e-01	(5.35157052e-01 8.54582238e-02 3.39696596e-19)	2	1.94842464e+00	(2.73429996e-02 8.55624250e-03 1.02607584e-18)	3
9.96            	p               	3.89612462e-01	(5.35157052e-01 8.54582238e-02 3.39696596e-19)	2	1.94415572e+00	(2.73429996e-02 8.55624250e-03 1.02607584e-18)	3
9.98            	p               	3.89659193e-01	(5.27344553e-01 8.68314735e-02 -1.46568437e-19)	2	1.94471279e+00	(2.73429996e-02 8.55624250e-03 1.02607584e-18)	3
10              	p               	3.89957748e-01	(5.27344553e-01 8.68314735e-02 -1.46568437e-19)	2	1.94638295e+00	(2.73429996e-02 8.55624250e-03 1.02607584e-18)	3
