# Field minima and maxima
# Time          	field           	min             	location(min)   	processor       	max             	location(max)   	processor       
0.02            	p               	5.89126708e-01	(5.85940683e-01 8.00535257e-02 6.64396404e-20)	12	1.58398964e+00	(4.92184277e-01 9.37429685e-02 1.31844649e-19)	12
0.04            	p               	5.12292670e-01	(9.92190493e-01 8.86842054e-03 1.40699149e-18)	3	1.79598474e+00	(4.92184277e-01 9.37429685e-02 1.31844649e-19)	12
0.06            	p               	3.64338956e-01	(5.54690699e-01 8.55293028e-02 -9.92063244e-20)	12	1.80352957e+00	(5.46844863e-02 1.70820867e-02 -3.65158145e-20)	13
0.08            	p               	3.11609354e-01	(5.70315691e-01 8.27914143e-02 1.40075218e-19)	12	1.88050358e+00	(5.46844863e-02 1.70820867e-02 -3.65158145e-20)	13
0.1             	p               	3.16188859e-01	(5.70315691e-01 8.27914143e-02 1.40075218e-19)	12	1.92876922e+00	(5.46844863e-02 1.70820867e-02 -3.65158145e-20)	13
0.12            	p               	3.18857397e-01	(5.70315691e-01 8.27914143e-02 1.40075218e-19)	12	1.94668667e+00	(5.46844863e-02 1.70820867e-02 -3.65158145e-20)	13
0.14            	p               	3.17771371e-01	(5.70315691e-01 8.27914143e-02 1.40075218e-19)	12	1.95058324e+00	(5.46844863e-02 1.70820867e-02 -3.65158145e-20)	13
0.16            	p               	3.22209155e-01	(5.70315691e-01 8.27914143e-02 1.40075218e-19)	12	1.94756110e+00	(5.46844863e-02 1.70820867e-02 -3.65158145e-20)	13
0.18            	p               	3.21807346e-01	(5.70315691e-01 8.27914143e-02 1.40075218e-19)	12	1.94854689e+00	(5.46844863e-02 1.70820867e-02 -3.65158145e-20)	13
0.2             	p               	3.13286614e-01	(5.70315691e-01 8.27914143e-02 1.40075218e-19)	12	1.94626726e+00	(5.46844863e-02 1.70820867e-02 -3.65158145e-20)	13
0.22            	p               	3.15446752e-01	(5.70315691e-01 8.27914143e-02 1.40075218e-19)	12	1.94534256e+00	(5.46844863e-02 1.70820867e-02 -3.65158145e-20)	13
0.24            	p               	3.10915930e-01	(5.70315691e-01 8.27914143e-02 1.40075218e-19)	12	1.94469591e+00	(5.46844863e-02 1.70820867e-02 -3.65158145e-20)	13
0.26            	p               	3.15659650e-01	(5.70315691e-01 8.27914143e-02 1.40075218e-19)	12	1.94729044e+00	(5.46844863e-02 1.70820867e-02 -3.65158145e-20)	13
0.28            	p               	3.11640908e-01	(5.70315691e-01 8.27914143e-02 1.40075218e-19)	12	1.94940244e+00	(5.46844863e-02 1.70820867e-02 -3.65158145e-20)	13
0.3             	p               	3.14589577e-01	(5.70315691e-01 8.27914143e-02 1.40075218e-19)	12	1.94618529e+00	(5.46844863e-02 1.70820867e-02 -3.65158145e-20)	13
0.32            	p               	3.17202365e-01	(5.70315691e-01 8.27914143e-02 1.40075218e-19)	12	1.94504958e+00	(5.46844863e-02 1.70820867e-02 -3.65158145e-20)	13
0.34            	p               	3.15436683e-01	(5.70315691e-01 8.27914143e-02 1.40075218e-19)	12	1.94353910e+00	(5.46844863e-02 1.70820867e-02 -3.65158145e-20)	13
0.36            	p               	3.24979460e-01	(5.70315691e-01 8.27914143e-02 1.40075218e-19)	12	1.94819252e+00	(5.46844863e-02 1.70820867e-02 -3.65158145e-20)	13
0.38            	p               	3.19281649e-01	(5.70315691e-01 8.27914143e-02 1.40075218e-19)	12	1.94807342e+00	(5.46844863e-02 1.70820867e-02 -3.65158145e-20)	13
0.4             	p               	3.30111298e-01	(5.70315691e-01 8.27914143e-02 1.40075218e-19)	12	1.94729136e+00	(5.46844863e-02 1.70820867e-02 -3.65158145e-20)	13
0.42            	p               	3.24653210e-01	(5.70315691e-01 8.27914143e-02 1.40075218e-19)	12	1.94526143e+00	(5.46844863e-02 1.70820867e-02 -3.65158145e-20)	13
0.44            	p               	3.32513220e-01	(5.70315691e-01 8.27914143e-02 1.40075218e-19)	12	1.94248591e+00	(5.46844863e-02 1.70820867e-02 -3.65158145e-20)	13
0.46            	p               	3.32651539e-01	(5.70315691e-01 8.27914143e-02 1.40075218e-19)	12	1.94884078e+00	(5.46844863e-02 1.70820867e-02 -3.65158145e-20)	13
0.48            	p               	3.35456873e-01	(5.70315691e-01 8.27914143e-02 1.40075218e-19)	12	1.94872261e+00	(5.46844863e-02 1.70820867e-02 -3.65158145e-20)	13
0.5             	p               	3.41271732e-01	(5.70315691e-01 8.27914143e-02 1.40075218e-19)	12	1.94646628e+00	(5.46844863e-02 1.70820867e-02 -3.65158145e-20)	13
0.52            	p               	3.38972178e-01	(5.70315691e-01 8.27914143e-02 1.40075218e-19)	12	1.94505879e+00	(5.46844863e-02 1.70820867e-02 -3.65158145e-20)	13
0.54            	p               	3.48779772e-01	(5.70315691e-01 8.27914143e-02 1.40075218e-19)	12	1.94385388e+00	(5.46844863e-02 1.70820867e-02 -3.65158145e-20)	13
0.56            	p               	3.45476959e-01	(5.70315691e-01 8.27914143e-02 1.40075218e-19)	12	1.94775900e+00	(5.46844863e-02 1.70820867e-02 -3.65158145e-20)	13
0.58            	p               	3.54364282e-01	(5.70315691e-01 8.27914143e-02 1.40075218e-19)	12	1.94881360e+00	(5.46844863e-02 1.70820867e-02 -3.65158145e-20)	13
0.6             	p               	3.53532078e-01	(5.70315691e-01 8.27914143e-02 1.40075218e-19)	12	1.94674389e+00	(5.46844863e-02 1.70820867e-02 -3.65158145e-20)	13
0.62            	p               	3.57538957e-01	(5.70315691e-01 8.27914143e-02 1.40075218e-19)	12	1.94530903e+00	(5.46844863e-02 1.70820867e-02 -3.65158145e-20)	13
0.64            	p               	3.63387392e-01	(5.70315691e-01 8.27914143e-02 1.40075218e-19)	12	1.94423780e+00	(5.46844863e-02 1.70820867e-02 -3.65158145e-20)	13
0.66            	p               	3.63707608e-01	(5.70315691e-01 8.27914143e-02 1.40075218e-19)	12	1.94661686e+00	(5.46844863e-02 1.70820867e-02 -3.65158145e-20)	13
0.68            	p               	3.73260078e-01	(5.70315691e-01 8.27914143e-02 1.40075218e-19)	12	1.94858413e+00	(5.46844863e-02 1.70820867e-02 -3.65158145e-20)	13
0.7             	p               	3.72708599e-01	(5.70315691e-01 8.27914143e-02 1.40075218e-19)	12	1.94770746e+00	(5.46844863e-02 1.70820867e-02 -3.65158145e-20)	13
0.72            	p               	3.79412117e-01	(5.70315691e-01 8.27914143e-02 1.40075218e-19)	12	1.94526170e+00	(5.46844863e-02 1.70820867e-02 -3.65158145e-20)	13
0.74            	p               	3.82655349e-01	(5.70315691e-01 8.27914143e-02 1.40075218e-19)	12	1.94517202e+00	(5.46844863e-02 1.70820867e-02 -3.65158145e-20)	13
0.76            	p               	3.85018617e-01	(5.70315691e-01 8.27914143e-02 1.40075218e-19)	12	1.94509257e+00	(5.46844863e-02 1.70820867e-02 -3.65158145e-20)	13
0.78            	p               	3.91227355e-01	(5.70315691e-01 8.27914143e-02 1.40075218e-19)	12	1.94799387e+00	(5.46844863e-02 1.70820867e-02 -3.65158145e-20)	13
0.8             	p               	3.89609487e-01	(5.70315691e-01 8.27914143e-02 1.40075218e-19)	12	1.94882999e+00	(5.46844863e-02 1.70820867e-02 -3.65158145e-20)	13
0.82            	p               	3.94800309e-01	(5.70315691e-01 8.27914143e-02 1.40075218e-19)	12	1.94553891e+00	(5.46844863e-02 1.70820867e-02 -3.65158145e-20)	13
0.84            	p               	3.92665284e-01	(5.70315691e-01 8.27914143e-02 1.40075218e-19)	12	1.94561803e+00	(5.46844863e-02 1.70820867e-02 -3.65158145e-20)	13
0.86            	p               	3.95063506e-01	(5.70315691e-01 8.27914143e-02 1.40075218e-19)	12	1.94439131e+00	(5.46844863e-02 1.70820867e-02 -3.65158145e-20)	13
0.88            	p               	3.96017640e-01	(5.70315691e-01 8.27914143e-02 1.40075218e-19)	12	1.94718218e+00	(5.46844863e-02 1.70820867e-02 -3.65158145e-20)	13
0.9             	p               	3.94224939e-01	(5.70315691e-01 8.27914143e-02 1.40075218e-19)	12	1.94923467e+00	(5.46844863e-02 1.70820867e-02 -3.65158145e-20)	13
0.92            	p               	3.97720240e-01	(5.70315691e-01 8.27914143e-02 1.40075218e-19)	12	1.94648624e+00	(5.46844863e-02 1.70820867e-02 -3.65158145e-20)	13
0.94            	p               	3.92634539e-01	(5.70315691e-01 8.27914143e-02 1.40075218e-19)	12	1.94537244e+00	(5.46844863e-02 1.70820867e-02 -3.65158145e-20)	13
0.96            	p               	3.97538502e-01	(5.70315691e-01 8.27914143e-02 1.40075218e-19)	12	1.94488703e+00	(5.46844863e-02 1.70820867e-02 -3.65158145e-20)	13
0.98            	p               	3.92660014e-01	(5.70315691e-01 8.27914143e-02 1.40075218e-19)	12	1.94595953e+00	(5.46844863e-02 1.70820867e-02 -3.65158145e-20)	13
1               	p               	3.96065181e-01	(5.70315691e-01 8.27914143e-02 1.40075218e-19)	12	1.94869016e+00	(5.46844863e-02 1.70820867e-02 -3.65158145e-20)	13
1.02            	p               	3.96003017e-01	(5.70315691e-01 8.27914143e-02 1.40075218e-19)	12	1.94787996e+00	(5.46844863e-02 1.70820867e-02 -3.65158145e-20)	13
1.04            	p               	3.93468052e-01	(5.70315691e-01 8.27914143e-02 1.40075218e-19)	12	1.94525257e+00	(5.46844863e-02 1.70820867e-02 -3.65158145e-20)	13
1.06            	p               	3.98543964e-01	(5.70315691e-01 8.27914143e-02 1.40075218e-19)	12	1.94548883e+00	(5.46844863e-02 1.70820867e-02 -3.65158145e-20)	13
1.08            	p               	3.92722044e-01	(5.70315691e-01 8.27914143e-02 1.40075218e-19)	12	1.94476087e+00	(5.46844863e-02 1.70820867e-02 -3.65158145e-20)	13
1.1             	p               	4.00350005e-01	(5.70315691e-01 8.27914143e-02 1.40075218e-19)	12	1.94784557e+00	(5.46844863e-02 1.70820867e-02 -3.65158145e-20)	13
1.12            	p               	3.91545249e-01	(5.70315691e-01 8.27914143e-02 1.40075218e-19)	12	1.94904334e+00	(5.46844863e-02 1.70820867e-02 -3.65158145e-20)	13
1.14            	p               	3.99463824e-01	(5.70315691e-01 8.27914143e-02 1.40075218e-19)	12	1.94565813e+00	(5.46844863e-02 1.70820867e-02 -3.65158145e-20)	13
1.16            	p               	3.91970467e-01	(5.70315691e-01 8.27914143e-02 1.40075218e-19)	12	1.94559702e+00	(5.46844863e-02 1.70820867e-02 -3.65158145e-20)	13
1.18            	p               	3.97205859e-01	(5.70315691e-01 8.27914143e-02 1.40075218e-19)	12	1.94446908e+00	(5.46844863e-02 1.70820867e-02 -3.65158145e-20)	13
1.2             	p               	3.92557574e-01	(5.54690699e-01 8.55293028e-02 -9.92063244e-20)	12	1.94688937e+00	(5.46844863e-02 1.70820867e-02 -3.65158145e-20)	13
1.22            	p               	3.94507434e-01	(5.70315691e-01 8.27914143e-02 1.40075218e-19)	12	1.94922534e+00	(5.46844863e-02 1.70820867e-02 -3.65158145e-20)	13
1.24            	p               	3.92657108e-01	(5.54690699e-01 8.55293028e-02 -9.92063244e-20)	12	1.94675477e+00	(5.46844863e-02 1.70820867e-02 -3.65158145e-20)	13
1.26            	p               	3.92137896e-01	(5.70315691e-01 8.27914143e-02 1.40075218e-19)	12	1.94532887e+00	(5.46844863e-02 1.70820867e-02 -3.65158145e-20)	13
1.28            	p               	3.99474256e-01	(5.54690699e-01 8.55293028e-02 -9.92063244e-20)	12	1.94507486e+00	(5.46844863e-02 1.70820867e-02 -3.65158145e-20)	13
1.3             	p               	3.91770311e-01	(5.70315691e-01 8.27914143e-02 1.40075218e-19)	12	1.94561521e+00	(5.46844863e-02 1.70820867e-02 -3.65158145e-20)	13
1.32            	p               	3.99275023e-01	(5.70315691e-01 8.27914143e-02 1.40075218e-19)	12	1.94852172e+00	(5.46844863e-02 1.70820867e-02 -3.65158145e-20)	13
1.34            	p               	3.92539440e-01	(5.70315691e-01 8.27914143e-02 1.40075218e-19)	12	1.94819806e+00	(5.46844863e-02 1.70820867e-02 -3.65158145e-20)	13
1.36            	p               	3.95753640e-01	(5.70315691e-01 8.27914143e-02 1.40075218e-19)	12	1.94528322e+00	(5.46844863e-02 1.70820867e-02 -3.65158145e-20)	13
1.38            	p               	3.91211921e-01	(5.54690699e-01 8.55293028e-02 -9.92063244e-20)	12	1.94558591e+00	(5.46844863e-02 1.70820867e-02 -3.65158145e-20)	13
1.4             	p               	3.93326830e-01	(5.70315691e-01 8.27914143e-02 1.40075218e-19)	12	1.94457807e+00	(5.46844863e-02 1.70820867e-02 -3.65158145e-20)	13
1.42            	p               	3.93961070e-01	(5.54690699e-01 8.55293028e-02 -9.92063244e-20)	12	1.94764927e+00	(5.46844863e-02 1.70820867e-02 -3.65158145e-20)	13
1.44            	p               	3.92007694e-01	(5.70315691e-01 8.27914143e-02 1.40075218e-19)	12	1.94919155e+00	(5.46844863e-02 1.70820867e-02 -3.65158145e-20)	13
1.46            	p               	3.99973368e-01	(5.54690699e-01 8.55293028e-02 -9.92063244e-20)	12	1.94585054e+00	(5.46844863e-02 1.70820867e-02 -3.65158145e-20)	13
1.48            	p               	3.91031329e-01	(5.70315691e-01 8.27914143e-02 1.40075218e-19)	12	1.94554282e+00	(5.46844863e-02 1.70820867e-02 -3.65158145e-20)	13
1.5             	p               	3.98781440e-01	(5.70315691e-01 8.27914143e-02 1.40075218e-19)	12	1.94456171e+00	(5.46844863e-02 1.70820867e-02 -3.65158145e-20)	13
1.52            	p               	3.92685304e-01	(5.54690699e-01 8.55293028e-02 -9.92063244e-20)	12	1.94662208e+00	(5.46844863e-02 1.70820867e-02 -3.65158145e-20)	13
1.54            	p               	3.95788008e-01	(5.70315691e-01 8.27914143e-02 1.40075218e-19)	12	1.94911354e+00	(5.46844863e-02 1.70820867e-02 -3.65158145e-20)	13
1.56            	p               	3.90874225e-01	(5.54690699e-01 8.55293028e-02 -9.92063244e-20)	12	1.94707890e+00	(5.46844863e-02 1.70820867e-02 -3.65158145e-20)	13
1.58            	p               	3.92621005e-01	(5.70315691e-01 8.27914143e-02 1.40075218e-19)	12	1.94528162e+00	(5.46844863e-02 1.70820867e-02 -3.65158145e-20)	13
1.6             	p               	3.94633964e-01	(5.54690699e-01 8.55293028e-02 -9.92063244e-20)	12	1.94523352e+00	(5.46844863e-02 1.70820867e-02 -3.65158145e-20)	13
1.62            	p               	3.91762297e-01	(5.70315691e-01 8.27914143e-02 1.40075218e-19)	12	1.94531652e+00	(5.46844863e-02 1.70820867e-02 -3.65158145e-20)	13
1.64            	p               	4.00214159e-01	(5.54690699e-01 8.55293028e-02 -9.92063244e-20)	12	1.94831992e+00	(5.46844863e-02 1.70820867e-02 -3.65158145e-20)	13
1.66            	p               	3.91290109e-01	(5.70315691e-01 8.27914143e-02 1.40075218e-19)	12	1.94850044e+00	(5.46844863e-02 1.70820867e-02 -3.65158145e-20)	13
1.68            	p               	3.99494391e-01	(5.70315691e-01 8.27914143e-02 1.40075218e-19)	12	1.94535061e+00	(5.46844863e-02 1.70820867e-02 -3.65158145e-20)	13
1.7             	p               	3.91815286e-01	(5.70315691e-01 8.27914143e-02 1.40075218e-19)	12	1.94562501e+00	(5.46844863e-02 1.70820867e-02 -3.65158145e-20)	13
1.72            	p               	3.97805153e-01	(5.70315691e-01 8.27914143e-02 1.40075218e-19)	12	1.94447155e+00	(5.46844863e-02 1.70820867e-02 -3.65158145e-20)	13
1.74            	p               	3.92682935e-01	(5.54690699e-01 8.55293028e-02 -9.92063244e-20)	12	1.94744069e+00	(5.46844863e-02 1.70820867e-02 -3.65158145e-20)	13
1.76            	p               	3.97138808e-01	(5.70315691e-01 8.27914143e-02 1.40075218e-19)	12	1.94927415e+00	(5.46844863e-02 1.70820867e-02 -3.65158145e-20)	13
1.78            	p               	3.92724379e-01	(5.54690699e-01 8.55293028e-02 -9.92063244e-20)	12	1.94608309e+00	(5.46844863e-02 1.70820867e-02 -3.65158145e-20)	13
1.8             	p               	3.96687485e-01	(5.70315691e-01 8.27914143e-02 1.40075218e-19)	12	1.94548022e+00	(5.46844863e-02 1.70820867e-02 -3.65158145e-20)	13
1.82            	p               	3.93911465e-01	(5.70315691e-01 8.27914143e-02 1.40075218e-19)	12	1.94469365e+00	(5.46844863e-02 1.70820867e-02 -3.65158145e-20)	13
1.84            	p               	3.97700815e-01	(5.70315691e-01 8.27914143e-02 1.40075218e-19)	12	1.94633142e+00	(5.46844863e-02 1.70820867e-02 -3.65158145e-20)	13
1.86            	p               	3.93285877e-01	(5.70315691e-01 8.27914143e-02 1.40075218e-19)	12	1.94896230e+00	(5.46844863e-02 1.70820867e-02 -3.65158145e-20)	13
1.88            	p               	3.97726214e-01	(5.70315691e-01 8.27914143e-02 1.40075218e-19)	12	1.94741833e+00	(5.46844863e-02 1.70820867e-02 -3.65158145e-20)	13
1.9             	p               	3.92234810e-01	(5.54690699e-01 8.55293028e-02 -9.92063244e-20)	12	1.94525144e+00	(5.46844863e-02 1.70820867e-02 -3.65158145e-20)	13
1.92            	p               	3.96134953e-01	(5.70315691e-01 8.27914143e-02 1.40075218e-19)	12	1.94537442e+00	(5.46844863e-02 1.70820867e-02 -3.65158145e-20)	13
1.94            	p               	3.91655639e-01	(5.54690699e-01 8.55293028e-02 -9.92063244e-20)	12	1.94504315e+00	(5.46844863e-02 1.70820867e-02 -3.65158145e-20)	13
1.96            	p               	3.94449493e-01	(5.70315691e-01 8.27914143e-02 1.40075218e-19)	12	1.94811740e+00	(5.46844863e-02 1.70820867e-02 -3.65158145e-20)	13
1.98            	p               	3.91788150e-01	(5.54690699e-01 8.55293028e-02 -9.92063244e-20)	12	1.94876739e+00	(5.46844863e-02 1.70820867e-02 -3.65158145e-20)	13
2               	p               	3.92173439e-01	(5.70315691e-01 8.27914143e-02 1.40075218e-19)	12	1.94545548e+00	(5.46844863e-02 1.70820867e-02 -3.65158145e-20)	13
2.02            	p               	3.95510339e-01	(5.54690699e-01 8.55293028e-02 -9.92063244e-20)	12	1.94562913e+00	(5.46844863e-02 1.70820867e-02 -3.65158145e-20)	13
2.04            	p               	3.91549589e-01	(5.70315691e-01 8.27914143e-02 1.40075218e-19)	12	1.94443056e+00	(5.46844863e-02 1.70820867e-02 -3.65158145e-20)	13
2.06            	p               	4.00974801e-01	(5.70315691e-01 8.27914143e-02 1.40075218e-19)	12	1.94721778e+00	(5.46844863e-02 1.70820867e-02 -3.65158145e-20)	13
2.08            	p               	3.91650326e-01	(5.70315691e-01 8.27914143e-02 1.40075218e-19)	12	1.94929270e+00	(5.46844863e-02 1.70820867e-02 -3.65158145e-20)	13
2.1             	p               	3.98113304e-01	(5.70315691e-01 8.27914143e-02 1.40075218e-19)	12	1.94635094e+00	(5.46844863e-02 1.70820867e-02 -3.65158145e-20)	13
2.12            	p               	3.91775866e-01	(5.54690699e-01 8.55293028e-02 -9.92063244e-20)	12	1.94541341e+00	(5.46844863e-02 1.70820867e-02 -3.65158145e-20)	13
2.14            	p               	3.94722304e-01	(5.70315691e-01 8.27914143e-02 1.40075218e-19)	12	1.94485107e+00	(5.46844863e-02 1.70820867e-02 -3.65158145e-20)	13
2.16            	p               	3.91832877e-01	(5.54690699e-01 8.55293028e-02 -9.92063244e-20)	12	1.94602583e+00	(5.46844863e-02 1.70820867e-02 -3.65158145e-20)	13
2.18            	p               	3.92821654e-01	(5.70315691e-01 8.27914143e-02 1.40075218e-19)	12	1.94878340e+00	(5.46844863e-02 1.70820867e-02 -3.65158145e-20)	13
2.2             	p               	3.96312560e-01	(5.54690699e-01 8.55293028e-02 -9.92063244e-20)	12	1.94776020e+00	(5.46844863e-02 1.70820867e-02 -3.65158145e-20)	13
2.22            	p               	3.91263410e-01	(5.70315691e-01 8.27914143e-02 1.40075218e-19)	12	1.94524542e+00	(5.46844863e-02 1.70820867e-02 -3.65158145e-20)	13
2.24            	p               	3.99495836e-01	(5.70315691e-01 8.27914143e-02 1.40075218e-19)	12	1.94548838e+00	(5.46844863e-02 1.70820867e-02 -3.65158145e-20)	13
2.26            	p               	3.92457854e-01	(5.70315691e-01 8.27914143e-02 1.40075218e-19)	12	1.94480807e+00	(5.46844863e-02 1.70820867e-02 -3.65158145e-20)	13
2.28            	p               	3.96493735e-01	(5.70315691e-01 8.27914143e-02 1.40075218e-19)	12	1.94791718e+00	(5.46844863e-02 1.70820867e-02 -3.65158145e-20)	13
2.3             	p               	3.91035066e-01	(5.54690699e-01 8.55293028e-02 -9.92063244e-20)	12	1.94898731e+00	(5.46844863e-02 1.70820867e-02 -3.65158145e-20)	13
2.32            	p               	3.93199399e-01	(5.70315691e-01 8.27914143e-02 1.40075218e-19)	12	1.94559914e+00	(5.46844863e-02 1.70820867e-02 -3.65158145e-20)	13
2.34            	p               	3.93828050e-01	(5.54690699e-01 8.55293028e-02 -9.92063244e-20)	12	1.94560566e+00	(5.46844863e-02 1.70820867e-02 -3.65158145e-20)	13
2.36            	p               	3.91924246e-01	(5.70315691e-01 8.27914143e-02 1.40075218e-19)	12	1.94445144e+00	(5.46844863e-02 1.70820867e-02 -3.65158145e-20)	13
2.38            	p               	4.00647571e-01	(5.70315691e-01 8.27914143e-02 1.40075218e-19)	12	1.94697600e+00	(5.46844863e-02 1.70820867e-02 -3.65158145e-20)	13
2.4             	p               	3.91811308e-01	(5.70315691e-01 8.27914143e-02 1.40075218e-19)	12	1.94925050e+00	(5.46844863e-02 1.70820867e-02 -3.65158145e-20)	13
2.42            	p               	3.97951200e-01	(5.70315691e-01 8.27914143e-02 1.40075218e-19)	12	1.94664895e+00	(5.46844863e-02 1.70820867e-02 -3.65158145e-20)	13
2.44            	p               	3.91475510e-01	(5.54690699e-01 8.55293028e-02 -9.92063244e-20)	12	1.94534950e+00	(5.46844863e-02 1.70820867e-02 -3.65158145e-20)	13
2.46            	p               	3.94567441e-01	(5.70315691e-01 8.27914143e-02 1.40075218e-19)	12	1.94501837e+00	(5.46844863e-02 1.70820867e-02 -3.65158145e-20)	13
2.48            	p               	3.91790200e-01	(5.54690699e-01 8.55293028e-02 -9.92063244e-20)	12	1.94571584e+00	(5.46844863e-02 1.70820867e-02 -3.65158145e-20)	13
2.5             	p               	3.92685312e-01	(5.70315691e-01 8.27914143e-02 1.40075218e-19)	12	1.94858776e+00	(5.46844863e-02 1.70820867e-02 -3.65158145e-20)	13
2.52            	p               	3.95762685e-01	(5.54690699e-01 8.55293028e-02 -9.92063244e-20)	12	1.94809315e+00	(5.46844863e-02 1.70820867e-02 -3.65158145e-20)	13
2.54            	p               	3.90978990e-01	(5.70315691e-01 8.27914143e-02 1.40075218e-19)	12	1.94526846e+00	(5.46844863e-02 1.70820867e-02 -3.65158145e-20)	13
2.56            	p               	4.00847595e-01	(5.70315691e-01 8.27914143e-02 1.40075218e-19)	12	1.94557004e+00	(5.46844863e-02 1.70820867e-02 -3.65158145e-20)	13
2.58            	p               	3.91491612e-01	(5.70315691e-01 8.27914143e-02 1.40075218e-19)	12	1.94462352e+00	(5.46844863e-02 1.70820867e-02 -3.65158145e-20)	13
2.6             	p               	3.98995853e-01	(5.70315691e-01 8.27914143e-02 1.40075218e-19)	12	1.94771648e+00	(5.46844863e-02 1.70820867e-02 -3.65158145e-20)	13
2.62            	p               	3.92587122e-01	(5.54690699e-01 8.55293028e-02 -9.92063244e-20)	12	1.94915164e+00	(5.46844863e-02 1.70820867e-02 -3.65158145e-20)	13
2.64            	p               	3.95789589e-01	(5.70315691e-01 8.27914143e-02 1.40075218e-19)	12	1.94578197e+00	(5.46844863e-02 1.70820867e-02 -3.65158145e-20)	13
2.66            	p               	3.90977537e-01	(5.54690699e-01 8.55293028e-02 -9.92063244e-20)	12	1.94556081e+00	(5.46844863e-02 1.70820867e-02 -3.65158145e-20)	13
2.68            	p               	3.93445294e-01	(5.70315691e-01 8.27914143e-02 1.40075218e-19)	12	1.94452748e+00	(5.46844863e-02 1.70820867e-02 -3.65158145e-20)	13
2.7             	p               	3.93187037e-01	(5.54690699e-01 8.55293028e-02 -9.92063244e-20)	12	1.94671228e+00	(5.46844863e-02 1.70820867e-02 -3.65158145e-20)	13
2.72            	p               	3.92160172e-01	(5.70315691e-01 8.27914143e-02 1.40075218e-19)	12	1.94915481e+00	(5.46844863e-02 1.70820867e-02 -3.65158145e-20)	13
2.74            	p               	3.97367191e-01	(5.54690699e-01 8.55293028e-02 -9.92063244e-20)	12	1.94697036e+00	(5.46844863e-02 1.70820867e-02 -3.65158145e-20)	13
2.76            	p               	3.90839254e-01	(5.70315691e-01 8.27914143e-02 1.40075218e-19)	12	1.94529587e+00	(5.46844863e-02 1.70820867e-02 -3.65158145e-20)	13
2.78            	p               	4.00405968e-01	(5.70315691e-01 8.27914143e-02 1.40075218e-19)	12	1.94518258e+00	(5.46844863e-02 1.70820867e-02 -3.65158145e-20)	13
2.8             	p               	3.91855232e-01	(5.70315691e-01 8.27914143e-02 1.40075218e-19)	12	1.94541198e+00	(5.46844863e-02 1.70820867e-02 -3.65158145e-20)	13
2.82            	p               	3.97916645e-01	(5.70315691e-01 8.27914143e-02 1.40075218e-19)	12	1.94838541e+00	(5.46844863e-02 1.70820867e-02 -3.65158145e-20)	13
2.84            	p               	3.91585005e-01	(5.54690699e-01 8.55293028e-02 -9.92063244e-20)	12	1.94840561e+00	(5.46844863e-02 1.70820867e-02 -3.65158145e-20)	13
2.86            	p               	3.94399606e-01	(5.70315691e-01 8.27914143e-02 1.40075218e-19)	12	1.94532470e+00	(5.46844863e-02 1.70820867e-02 -3.65158145e-20)	13
2.88            	p               	3.91790596e-01	(5.54690699e-01 8.55293028e-02 -9.92063244e-20)	12	1.94561687e+00	(5.46844863e-02 1.70820867e-02 -3.65158145e-20)	13
2.9             	p               	3.92583948e-01	(5.70315691e-01 8.27914143e-02 1.40075218e-19)	12	1.94449854e+00	(5.46844863e-02 1.70820867e-02 -3.65158145e-20)	13
2.92            	p               	3.95960817e-01	(5.54690699e-01 8.55293028e-02 -9.92063244e-20)	12	1.94751015e+00	(5.46844863e-02 1.70820867e-02 -3.65158145e-20)	13
2.94            	p               	3.91743875e-01	(5.70315691e-01 8.27914143e-02 1.40075218e-19)	12	1.94925439e+00	(5.46844863e-02 1.70820867e-02 -3.65158145e-20)	13
2.96            	p               	4.00383300e-01	(5.70315691e-01 8.27914143e-02 1.40075218e-19)	12	1.94600322e+00	(5.46844863e-02 1.70820867e-02 -3.65158145e-20)	13
2.98            	p               	3.91324894e-01	(5.70315691e-01 8.27914143e-02 1.40075218e-19)	12	1.94550139e+00	(5.46844863e-02 1.70820867e-02 -3.65158145e-20)	13
3               	p               	3.97622102e-01	(5.70315691e-01 8.27914143e-02 1.40075218e-19)	12	1.94464746e+00	(5.46844863e-02 1.70820867e-02 -3.65158145e-20)	13
3.02            	p               	3.91826079e-01	(5.54690699e-01 8.55293028e-02 -9.92063244e-20)	12	1.94642777e+00	(5.46844863e-02 1.70820867e-02 -3.65158145e-20)	13
3.04            	p               	3.94888691e-01	(5.70315691e-01 8.27914143e-02 1.40075218e-19)	12	1.94901536e+00	(5.46844863e-02 1.70820867e-02 -3.65158145e-20)	13
3.06            	p               	3.91601248e-01	(5.54690699e-01 8.55293028e-02 -9.92063244e-20)	12	1.94730695e+00	(5.46844863e-02 1.70820867e-02 -3.65158145e-20)	13
3.08            	p               	3.92252682e-01	(5.70315691e-01 8.27914143e-02 1.40075218e-19)	12	1.94525893e+00	(5.46844863e-02 1.70820867e-02 -3.65158145e-20)	13
3.1             	p               	3.95798565e-01	(5.54690699e-01 8.55293028e-02 -9.92063244e-20)	12	1.94533149e+00	(5.46844863e-02 1.70820867e-02 -3.65158145e-20)	13
3.12            	p               	3.91836313e-01	(5.70315691e-01 8.27914143e-02 1.40075218e-19)	12	1.94512816e+00	(5.46844863e-02 1.70820867e-02 -3.65158145e-20)	13
3.14            	p               	3.99171444e-01	(5.54690699e-01 8.55293028e-02 -9.92063244e-20)	12	1.94818297e+00	(5.46844863e-02 1.70820867e-02 -3.65158145e-20)	13
3.16            	p               	3.91546536e-01	(5.70315691e-01 8.27914143e-02 1.40075218e-19)	12	1.94868540e+00	(5.46844863e-02 1.70820867e-02 -3.65158145e-20)	13
3.18            	p               	3.99915275e-01	(5.54690699e-01 8.55293028e-02 -9.92063244e-20)	12	1.94541721e+00	(5.46844863e-02 1.70820867e-02 -3.65158145e-20)	13
3.2             	p               	3.91167208e-01	(5.70315691e-01 8.27914143e-02 1.40075218e-19)	12	1.94563105e+00	(5.46844863e-02 1.70820867e-02 -3.65158145e-20)	13
3.22            	p               	4.00071152e-01	(5.54690699e-01 8.55293028e-02 -9.92063244e-20)	12	1.94443687e+00	(5.46844863e-02 1.70820867e-02 -3.65158145e-20)	13
3.24            	p               	3.91318519e-01	(5.70315691e-01 8.27914143e-02 1.40075218e-19)	12	1.94729210e+00	(5.46844863e-02 1.70820867e-02 -3.65158145e-20)	13
3.26            	p               	3.99779487e-01	(5.54690699e-01 8.55293028e-02 -9.92063244e-20)	12	1.94929347e+00	(5.46844863e-02 1.70820867e-02 -3.65158145e-20)	13
3.28            	p               	3.90567875e-01	(5.70315691e-01 8.27914143e-02 1.40075218e-19)	12	1.94626043e+00	(5.46844863e-02 1.70820867e-02 -3.65158145e-20)	13
3.3             	p               	4.01354919e-01	(5.70315691e-01 8.27914143e-02 1.40075218e-19)	12	1.94543502e+00	(5.46844863e-02 1.70820867e-02 -3.65158145e-20)	13
3.32            	p               	3.90933498e-01	(5.70315691e-01 8.27914143e-02 1.40075218e-19)	12	1.94479765e+00	(5.46844863e-02 1.70820867e-02 -3.65158145e-20)	13
3.34            	p               	4.00369933e-01	(5.70315691e-01 8.27914143e-02 1.40075218e-19)	12	1.94612679e+00	(5.46844863e-02 1.70820867e-02 -3.65158145e-20)	13
3.36            	p               	3.91765102e-01	(5.70315691e-01 8.27914143e-02 1.40075218e-19)	12	1.94884368e+00	(5.46844863e-02 1.70820867e-02 -3.65158145e-20)	13
3.38            	p               	3.97631983e-01	(5.70315691e-01 8.27914143e-02 1.40075218e-19)	12	1.94764941e+00	(5.46844863e-02 1.70820867e-02 -3.65158145e-20)	13
3.4             	p               	3.91079431e-01	(5.54690699e-01 8.55293028e-02 -9.92063244e-20)	12	1.94524441e+00	(5.46844863e-02 1.70820867e-02 -3.65158145e-20)	13
3.42            	p               	3.94337161e-01	(5.70315691e-01 8.27914143e-02 1.40075218e-19)	12	1.94545471e+00	(5.46844863e-02 1.70820867e-02 -3.65158145e-20)	13
3.44            	p               	3.92022301e-01	(5.54690699e-01 8.55293028e-02 -9.92063244e-20)	12	1.94487947e+00	(5.46844863e-02 1.70820867e-02 -3.65158145e-20)	13
3.46            	p               	3.92628125e-01	(5.70315691e-01 8.27914143e-02 1.40075218e-19)	12	1.94798230e+00	(5.46844863e-02 1.70820867e-02 -3.65158145e-20)	13
3.48            	p               	3.96031877e-01	(5.54690699e-01 8.55293028e-02 -9.92063244e-20)	12	1.94892146e+00	(5.46844863e-02 1.70820867e-02 -3.65158145e-20)	13
3.5             	p               	3.91210108e-01	(5.70315691e-01 8.27914143e-02 1.40075218e-19)	12	1.94554802e+00	(5.46844863e-02 1.70820867e-02 -3.65158145e-20)	13
3.52            	p               	3.99990587e-01	(5.70315691e-01 8.27914143e-02 1.40075218e-19)	12	1.94561622e+00	(5.46844863e-02 1.70820867e-02 -3.65158145e-20)	13
3.54            	p               	3.92010940e-01	(5.70315691e-01 8.27914143e-02 1.40075218e-19)	12	1.94443832e+00	(5.46844863e-02 1.70820867e-02 -3.65158145e-20)	13
3.56            	p               	3.97198865e-01	(5.70315691e-01 8.27914143e-02 1.40075218e-19)	12	1.94705660e+00	(5.46844863e-02 1.70820867e-02 -3.65158145e-20)	13
3.58            	p               	3.91310042e-01	(5.54690699e-01 8.55293028e-02 -9.92063244e-20)	12	1.94927074e+00	(5.46844863e-02 1.70820867e-02 -3.65158145e-20)	13
3.6             	p               	3.93860752e-01	(5.70315691e-01 8.27914143e-02 1.40075218e-19)	12	1.94654911e+00	(5.46844863e-02 1.70820867e-02 -3.65158145e-20)	13
3.62            	p               	3.92446045e-01	(5.54690699e-01 8.55293028e-02 -9.92063244e-20)	12	1.94536947e+00	(5.46844863e-02 1.70820867e-02 -3.65158145e-20)	13
3.64            	p               	3.91970112e-01	(5.70315691e-01 8.27914143e-02 1.40075218e-19)	12	1.94496360e+00	(5.46844863e-02 1.70820867e-02 -3.65158145e-20)	13
3.66            	p               	3.99596070e-01	(5.54690699e-01 8.55293028e-02 -9.92063244e-20)	12	1.94581667e+00	(5.46844863e-02 1.70820867e-02 -3.65158145e-20)	13
3.68            	p               	3.91770585e-01	(5.70315691e-01 8.27914143e-02 1.40075218e-19)	12	1.94865231e+00	(5.46844863e-02 1.70820867e-02 -3.65158145e-20)	13
3.7             	p               	3.98328111e-01	(5.70315691e-01 8.27914143e-02 1.40075218e-19)	12	1.94798670e+00	(5.46844863e-02 1.70820867e-02 -3.65158145e-20)	13
3.72            	p               	3.91505010e-01	(5.54690699e-01 8.55293028e-02 -9.92063244e-20)	12	1.94525752e+00	(5.46844863e-02 1.70820867e-02 -3.65158145e-20)	13
3.74            	p               	3.94176471e-01	(5.70315691e-01 8.27914143e-02 1.40075218e-19)	12	1.94554691e+00	(5.46844863e-02 1.70820867e-02 -3.65158145e-20)	13
3.76            	p               	3.92192377e-01	(5.54690699e-01 8.55293028e-02 -9.92063244e-20)	12	1.94467760e+00	(5.46844863e-02 1.70820867e-02 -3.65158145e-20)	13
3.78            	p               	3.92430817e-01	(5.70315691e-01 8.27914143e-02 1.40075218e-19)	12	1.94778209e+00	(5.46844863e-02 1.70820867e-02 -3.65158145e-20)	13
3.8             	p               	3.99230618e-01	(5.54690699e-01 8.55293028e-02 -9.92063244e-20)	12	1.94910460e+00	(5.46844863e-02 1.70820867e-02 -3.65158145e-20)	13
3.82            	p               	3.91579477e-01	(5.70315691e-01 8.27914143e-02 1.40075218e-19)	12	1.94571824e+00	(5.46844863e-02 1.70820867e-02 -3.65158145e-20)	13
3.84            	p               	3.97137578e-01	(5.70315691e-01 8.27914143e-02 1.40075218e-19)	12	1.94557728e+00	(5.46844863e-02 1.70820867e-02 -3.65158145e-20)	13
3.86            	p               	3.92351044e-01	(5.54690699e-01 8.55293028e-02 -9.92063244e-20)	12	1.94449724e+00	(5.46844863e-02 1.70820867e-02 -3.65158145e-20)	13
3.88            	p               	3.94370927e-01	(5.70315691e-01 8.27914143e-02 1.40075218e-19)	12	1.94680065e+00	(5.46844863e-02 1.70820867e-02 -3.65158145e-20)	13
3.9             	p               	3.95160204e-01	(5.54690699e-01 8.55293028e-02 -9.92063244e-20)	12	1.94919134e+00	(5.46844863e-02 1.70820867e-02 -3.65158145e-20)	13
3.92            	p               	3.94165760e-01	(5.70315691e-01 8.27914143e-02 1.40075218e-19)	12	1.94686350e+00	(5.46844863e-02 1.70820867e-02 -3.65158145e-20)	13
3.94            	p               	3.95428859e-01	(5.70315691e-01 8.27914143e-02 1.40075218e-19)	12	1.94531187e+00	(5.46844863e-02 1.70820867e-02 -3.65158145e-20)	13
3.96            	p               	3.94572282e-01	(5.70315691e-01 8.27914143e-02 1.40075218e-19)	12	1.94513086e+00	(5.46844863e-02 1.70820867e-02 -3.65158145e-20)	13
3.98            	p               	3.94179338e-01	(5.70315691e-01 8.27914143e-02 1.40075218e-19)	12	1.94550865e+00	(5.46844863e-02 1.70820867e-02 -3.65158145e-20)	13
4               	p               	3.96046751e-01	(5.70315691e-01 8.27914143e-02 1.40075218e-19)	12	1.94845177e+00	(5.46844863e-02 1.70820867e-02 -3.65158145e-20)	13
4.02            	p               	3.94486829e-01	(5.54690699e-01 8.55293028e-02 -9.92063244e-20)	12	1.94830702e+00	(5.46844863e-02 1.70820867e-02 -3.65158145e-20)	13
4.04            	p               	3.94150144e-01	(5.70315691e-01 8.27914143e-02 1.40075218e-19)	12	1.94530255e+00	(5.46844863e-02 1.70820867e-02 -3.65158145e-20)	13
4.06            	p               	3.92000907e-01	(5.54690699e-01 8.55293028e-02 -9.92063244e-20)	12	1.94560543e+00	(5.46844863e-02 1.70820867e-02 -3.65158145e-20)	13
4.08            	p               	3.92605334e-01	(5.70315691e-01 8.27914143e-02 1.40075218e-19)	12	1.94453232e+00	(5.46844863e-02 1.70820867e-02 -3.65158145e-20)	13
4.1             	p               	3.99346214e-01	(5.70315691e-01 8.27914143e-02 1.40075218e-19)	12	1.94757808e+00	(5.46844863e-02 1.70820867e-02 -3.65158145e-20)	13
4.12            	p               	3.92197758e-01	(5.70315691e-01 8.27914143e-02 1.40075218e-19)	12	1.94922798e+00	(5.46844863e-02 1.70820867e-02 -3.65158145e-20)	13
4.14            	p               	3.96249255e-01	(5.70315691e-01 8.27914143e-02 1.40075218e-19)	12	1.94592730e+00	(5.46844863e-02 1.70820867e-02 -3.65158145e-20)	13
4.16            	p               	3.90020360e-01	(5.54690699e-01 8.55293028e-02 -9.92063244e-20)	12	1.94552174e+00	(5.46844863e-02 1.70820867e-02 -3.65158145e-20)	13
4.18            	p               	3.93044620e-01	(5.70315691e-01 8.27914143e-02 1.40075218e-19)	12	1.94460428e+00	(5.46844863e-02 1.70820867e-02 -3.65158145e-20)	13
4.2             	p               	3.94469121e-01	(5.54690699e-01 8.55293028e-02 -9.92063244e-20)	12	1.94652263e+00	(5.46844863e-02 1.70820867e-02 -3.65158145e-20)	13
4.22            	p               	3.91780592e-01	(5.70315691e-01 8.27914143e-02 1.40075218e-19)	12	1.94906456e+00	(5.46844863e-02 1.70820867e-02 -3.65158145e-20)	13
4.24            	p               	4.00090323e-01	(5.70315691e-01 8.27914143e-02 1.40075218e-19)	12	1.94719650e+00	(5.46844863e-02 1.70820867e-02 -3.65158145e-20)	13
4.26            	p               	3.91597222e-01	(5.70315691e-01 8.27914143e-02 1.40075218e-19)	12	1.94526872e+00	(5.46844863e-02 1.70820867e-02 -3.65158145e-20)	13
4.28            	p               	3.95561111e-01	(5.70315691e-01 8.27914143e-02 1.40075218e-19)	12	1.94528528e+00	(5.46844863e-02 1.70820867e-02 -3.65158145e-20)	13
4.3             	p               	3.90560015e-01	(5.54690699e-01 8.55293028e-02 -9.92063244e-20)	12	1.94521747e+00	(5.46844863e-02 1.70820867e-02 -3.65158145e-20)	13
4.32            	p               	3.92737224e-01	(5.70315691e-01 8.27914143e-02 1.40075218e-19)	12	1.94824859e+00	(5.46844863e-02 1.70820867e-02 -3.65158145e-20)	13
4.34            	p               	3.97074958e-01	(5.54690699e-01 8.55293028e-02 -9.92063244e-20)	12	1.94859867e+00	(5.46844863e-02 1.70820867e-02 -3.65158145e-20)	13
4.36            	p               	3.91209582e-01	(5.70315691e-01 8.27914143e-02 1.40075218e-19)	12	1.94538298e+00	(5.46844863e-02 1.70820867e-02 -3.65158145e-20)	13
4.38            	p               	3.97774525e-01	(5.70315691e-01 8.27914143e-02 1.40075218e-19)	12	1.94563018e+00	(5.46844863e-02 1.70820867e-02 -3.65158145e-20)	13
4.4             	p               	3.91087067e-01	(5.54690699e-01 8.55293028e-02 -9.92063244e-20)	12	1.94444980e+00	(5.46844863e-02 1.70820867e-02 -3.65158145e-20)	13
4.42            	p               	3.94058150e-01	(5.70315691e-01 8.27914143e-02 1.40075218e-19)	12	1.94736439e+00	(5.46844863e-02 1.70820867e-02 -3.65158145e-20)	13
4.44            	p               	3.91836709e-01	(5.54690699e-01 8.55293028e-02 -9.92063244e-20)	12	1.94928795e+00	(5.46844863e-02 1.70820867e-02 -3.65158145e-20)	13
4.46            	p               	3.91538760e-01	(5.70315691e-01 8.27914143e-02 1.40075218e-19)	12	1.94617314e+00	(5.46844863e-02 1.70820867e-02 -3.65158145e-20)	13
4.48            	p               	3.98846556e-01	(5.54690699e-01 8.55293028e-02 -9.92063244e-20)	12	1.94545694e+00	(5.46844863e-02 1.70820867e-02 -3.65158145e-20)	13
4.5             	p               	3.90862772e-01	(5.70315691e-01 8.27914143e-02 1.40075218e-19)	12	1.94474677e+00	(5.46844863e-02 1.70820867e-02 -3.65158145e-20)	13
4.52            	p               	4.01051577e-01	(5.70315691e-01 8.27914143e-02 1.40075218e-19)	12	1.94622547e+00	(5.46844863e-02 1.70820867e-02 -3.65158145e-20)	13
4.54            	p               	3.91401532e-01	(5.70315691e-01 8.27914143e-02 1.40075218e-19)	12	1.94890222e+00	(5.46844863e-02 1.70820867e-02 -3.65158145e-20)	13
4.56            	p               	4.00284577e-01	(5.70315691e-01 8.27914143e-02 1.40075218e-19)	12	1.94753843e+00	(5.46844863e-02 1.70820867e-02 -3.65158145e-20)	13
4.58            	p               	3.91257151e-01	(5.70315691e-01 8.27914143e-02 1.40075218e-19)	12	1.94524632e+00	(5.46844863e-02 1.70820867e-02 -3.65158145e-20)	13
4.6             	p               	3.99673852e-01	(5.70315691e-01 8.27914143e-02 1.40075218e-19)	12	1.94541783e+00	(5.46844863e-02 1.70820867e-02 -3.65158145e-20)	13
4.62            	p               	3.92041486e-01	(5.70315691e-01 8.27914143e-02 1.40075218e-19)	12	1.94495566e+00	(5.46844863e-02 1.70820867e-02 -3.65158145e-20)	13
4.64            	p               	3.99950665e-01	(5.70315691e-01 8.27914143e-02 1.40075218e-19)	12	1.94804700e+00	(5.46844863e-02 1.70820867e-02 -3.65158145e-20)	13
4.66            	p               	3.92042792e-01	(5.70315691e-01 8.27914143e-02 1.40075218e-19)	12	1.94885036e+00	(5.46844863e-02 1.70820867e-02 -3.65158145e-20)	13
4.68            	p               	3.99940048e-01	(5.70315691e-01 8.27914143e-02 1.40075218e-19)	12	1.94550139e+00	(5.46844863e-02 1.70820867e-02 -3.65158145e-20)	13
4.7             	p               	3.91611821e-01	(5.70315691e-01 8.27914143e-02 1.40075218e-19)	12	1.94562380e+00	(5.46844863e-02 1.70820867e-02 -3.65158145e-20)	13
4.72            	p               	4.00813836e-01	(5.70315691e-01 8.27914143e-02 1.40075218e-19)	12	1.94443112e+00	(5.46844863e-02 1.70820867e-02 -3.65158145e-20)	13
4.74            	p               	3.91479165e-01	(5.70315691e-01 8.27914143e-02 1.40075218e-19)	12	1.94713526e+00	(5.46844863e-02 1.70820867e-02 -3.65158145e-20)	13
4.76            	p               	4.00830546e-01	(5.54690699e-01 8.55293028e-02 -9.92063244e-20)	12	1.94928453e+00	(5.46844863e-02 1.70820867e-02 -3.65158145e-20)	13
4.78            	p               	3.90547753e-01	(5.70315691e-01 8.27914143e-02 1.40075218e-19)	12	1.94645239e+00	(5.46844863e-02 1.70820867e-02 -3.65158145e-20)	13
4.8             	p               	4.01183336e-01	(5.70315691e-01 8.27914143e-02 1.40075218e-19)	12	1.94539024e+00	(5.46844863e-02 1.70820867e-02 -3.65158145e-20)	13
4.82            	p               	3.90918533e-01	(5.70315691e-01 8.27914143e-02 1.40075218e-19)	12	1.94490929e+00	(5.46844863e-02 1.70820867e-02 -3.65158145e-20)	13
4.84            	p               	3.99954957e-01	(5.70315691e-01 8.27914143e-02 1.40075218e-19)	12	1.94591711e+00	(5.46844863e-02 1.70820867e-02 -3.65158145e-20)	13
4.86            	p               	3.91998421e-01	(5.70315691e-01 8.27914143e-02 1.40075218e-19)	12	1.94871601e+00	(5.46844863e-02 1.70820867e-02 -3.65158145e-20)	13
4.88            	p               	3.97012332e-01	(5.70315691e-01 8.27914143e-02 1.40075218e-19)	12	1.94787868e+00	(5.46844863e-02 1.70820867e-02 -3.65158145e-20)	13
4.9             	p               	3.90663002e-01	(5.54690699e-01 8.55293028e-02 -9.92063244e-20)	12	1.94524998e+00	(5.46844863e-02 1.70820867e-02 -3.65158145e-20)	13
4.92            	p               	3.93672572e-01	(5.70315691e-01 8.27914143e-02 1.40075218e-19)	12	1.94552107e+00	(5.46844863e-02 1.70820867e-02 -3.65158145e-20)	13
4.94            	p               	3.92677257e-01	(5.54690699e-01 8.55293028e-02 -9.92063244e-20)	12	1.94473686e+00	(5.46844863e-02 1.70820867e-02 -3.65158145e-20)	13
4.96            	p               	3.92216179e-01	(5.70315691e-01 8.27914143e-02 1.40075218e-19)	12	1.94784702e+00	(5.46844863e-02 1.70820867e-02 -3.65158145e-20)	13
4.98            	p               	3.98208644e-01	(5.54690699e-01 8.55293028e-02 -9.92063244e-20)	12	1.94905173e+00	(5.46844863e-02 1.70820867e-02 -3.65158145e-20)	13
5               	p               	3.91265612e-01	(5.70315691e-01 8.27914143e-02 1.40075218e-19)	12	1.94565888e+00	(5.46844863e-02 1.70820867e-02 -3.65158145e-20)	13
5.02            	p               	3.98539501e-01	(5.70315691e-01 8.27914143e-02 1.40075218e-19)	12	1.94559198e+00	(5.46844863e-02 1.70820867e-02 -3.65158145e-20)	13
5.04            	p               	3.93276975e-01	(5.70315691e-01 8.27914143e-02 1.40075218e-19)	12	1.94447234e+00	(5.46844863e-02 1.70820867e-02 -3.65158145e-20)	13
5.06            	p               	3.95692886e-01	(5.70315691e-01 8.27914143e-02 1.40075218e-19)	12	1.94688595e+00	(5.46844863e-02 1.70820867e-02 -3.65158145e-20)	13
5.08            	p               	3.92663116e-01	(5.54690699e-01 8.55293028e-02 -9.92063244e-20)	12	1.94922251e+00	(5.46844863e-02 1.70820867e-02 -3.65158145e-20)	13
5.1             	p               	3.93923937e-01	(5.70315691e-01 8.27914143e-02 1.40075218e-19)	12	1.94675954e+00	(5.46844863e-02 1.70820867e-02 -3.65158145e-20)	13
5.12            	p               	3.95371330e-01	(5.54690699e-01 8.55293028e-02 -9.92063244e-20)	12	1.94532915e+00	(5.46844863e-02 1.70820867e-02 -3.65158145e-20)	13
5.14            	p               	3.93400280e-01	(5.70315691e-01 8.27914143e-02 1.40075218e-19)	12	1.94507704e+00	(5.46844863e-02 1.70820867e-02 -3.65158145e-20)	13
5.16            	p               	3.97329774e-01	(5.54690699e-01 8.55293028e-02 -9.92063244e-20)	12	1.94560778e+00	(5.46844863e-02 1.70820867e-02 -3.65158145e-20)	13
5.18            	p               	3.93107949e-01	(5.70315691e-01 8.27914143e-02 1.40075218e-19)	12	1.94851699e+00	(5.46844863e-02 1.70820867e-02 -3.65158145e-20)	13
5.2             	p               	3.95771989e-01	(5.54690699e-01 8.55293028e-02 -9.92063244e-20)	12	1.94820587e+00	(5.46844863e-02 1.70820867e-02 -3.65158145e-20)	13
5.22            	p               	3.92390660e-01	(5.70315691e-01 8.27914143e-02 1.40075218e-19)	12	1.94528425e+00	(5.46844863e-02 1.70820867e-02 -3.65158145e-20)	13
5.24            	p               	3.97719255e-01	(5.54690699e-01 8.55293028e-02 -9.92063244e-20)	12	1.94559019e+00	(5.46844863e-02 1.70820867e-02 -3.65158145e-20)	13
5.26            	p               	3.92087019e-01	(5.70315691e-01 8.27914143e-02 1.40075218e-19)	12	1.94457271e+00	(5.46844863e-02 1.70820867e-02 -3.65158145e-20)	13
5.28            	p               	3.98612628e-01	(5.70315691e-01 8.27914143e-02 1.40075218e-19)	12	1.94764502e+00	(5.46844863e-02 1.70820867e-02 -3.65158145e-20)	13
5.3             	p               	3.92816632e-01	(5.54690699e-01 8.55293028e-02 -9.92063244e-20)	12	1.94919485e+00	(5.46844863e-02 1.70820867e-02 -3.65158145e-20)	13
5.32            	p               	3.95434096e-01	(5.70315691e-01 8.27914143e-02 1.40075218e-19)	12	1.94585533e+00	(5.46844863e-02 1.70820867e-02 -3.65158145e-20)	13
5.34            	p               	3.90535439e-01	(5.54690699e-01 8.55293028e-02 -9.92063244e-20)	12	1.94554127e+00	(5.46844863e-02 1.70820867e-02 -3.65158145e-20)	13
5.36            	p               	3.92791585e-01	(5.70315691e-01 8.27914143e-02 1.40075218e-19)	12	1.94456533e+00	(5.46844863e-02 1.70820867e-02 -3.65158145e-20)	13
5.38            	p               	3.94665661e-01	(5.54690699e-01 8.55293028e-02 -9.92063244e-20)	12	1.94661457e+00	(5.46844863e-02 1.70820867e-02 -3.65158145e-20)	13
5.4             	p               	3.91734037e-01	(5.70315691e-01 8.27914143e-02 1.40075218e-19)	12	1.94911035e+00	(5.46844863e-02 1.70820867e-02 -3.65158145e-20)	13
5.42            	p               	4.00639025e-01	(5.70315691e-01 8.27914143e-02 1.40075218e-19)	12	1.94708718e+00	(5.46844863e-02 1.70820867e-02 -3.65158145e-20)	13
5.44            	p               	3.91201393e-01	(5.70315691e-01 8.27914143e-02 1.40075218e-19)	12	1.94528069e+00	(5.46844863e-02 1.70820867e-02 -3.65158145e-20)	13
5.46            	p               	3.96840146e-01	(5.70315691e-01 8.27914143e-02 1.40075218e-19)	12	1.94523707e+00	(5.46844863e-02 1.70820867e-02 -3.65158145e-20)	13
5.48            	p               	3.90933017e-01	(5.54690699e-01 8.55293028e-02 -9.92063244e-20)	12	1.94530942e+00	(5.46844863e-02 1.70820867e-02 -3.65158145e-20)	13
5.5             	p               	3.93925516e-01	(5.70315691e-01 8.27914143e-02 1.40075218e-19)	12	1.94831415e+00	(5.46844863e-02 1.70820867e-02 -3.65158145e-20)	13
5.52            	p               	3.92755362e-01	(5.54690699e-01 8.55293028e-02 -9.92063244e-20)	12	1.94850810e+00	(5.46844863e-02 1.70820867e-02 -3.65158145e-20)	13
5.54            	p               	3.91908290e-01	(5.70315691e-01 8.27914143e-02 1.40075218e-19)	12	1.94535290e+00	(5.46844863e-02 1.70820867e-02 -3.65158145e-20)	13
5.56            	p               	3.97901293e-01	(5.54690699e-01 8.55293028e-02 -9.92063244e-20)	12	1.94562541e+00	(5.46844863e-02 1.70820867e-02 -3.65158145e-20)	13
5.58            	p               	3.92722957e-01	(5.70315691e-01 8.27914143e-02 1.40075218e-19)	12	1.94446958e+00	(5.46844863e-02 1.70820867e-02 -3.65158145e-20)	13
5.6             	p               	3.97595710e-01	(5.54690699e-01 8.55293028e-02 -9.92063244e-20)	12	1.94743532e+00	(5.46844863e-02 1.70820867e-02 -3.65158145e-20)	13
5.62            	p               	3.92807798e-01	(5.70315691e-01 8.27914143e-02 1.40075218e-19)	12	1.94927532e+00	(5.46844863e-02 1.70820867e-02 -3.65158145e-20)	13
5.64            	p               	3.94809786e-01	(5.54690699e-01 8.55293028e-02 -9.92063244e-20)	12	1.94608958e+00	(5.46844863e-02 1.70820867e-02 -3.65158145e-20)	13
5.66            	p               	3.92799299e-01	(5.70315691e-01 8.27914143e-02 1.40075218e-19)	12	1.94547844e+00	(5.46844863e-02 1.70820867e-02 -3.65158145e-20)	13
5.68            	p               	3.93555103e-01	(5.54690699e-01 8.55293028e-02 -9.92063244e-20)	12	1.94469732e+00	(5.46844863e-02 1.70820867e-02 -3.65158145e-20)	13
5.7             	p               	3.93181773e-01	(5.70315691e-01 8.27914143e-02 1.40075218e-19)	12	1.94632398e+00	(5.46844863e-02 1.70820867e-02 -3.65158145e-20)	13
5.72            	p               	3.93382029e-01	(5.54690699e-01 8.55293028e-02 -9.92063244e-20)	12	1.94895814e+00	(5.46844863e-02 1.70820867e-02 -3.65158145e-20)	13
5.74            	p               	3.93398667e-01	(5.70315691e-01 8.27914143e-02 1.40075218e-19)	12	1.94742685e+00	(5.46844863e-02 1.70820867e-02 -3.65158145e-20)	13
5.76            	p               	3.93235757e-01	(5.54690699e-01 8.55293028e-02 -9.92063244e-20)	12	1.94525101e+00	(5.46844863e-02 1.70820867e-02 -3.65158145e-20)	13
5.78            	p               	3.93540279e-01	(5.70315691e-01 8.27914143e-02 1.40075218e-19)	12	1.94537810e+00	(5.46844863e-02 1.70820867e-02 -3.65158145e-20)	13
5.8             	p               	3.93624867e-01	(5.54690699e-01 8.55293028e-02 -9.92063244e-20)	12	1.94503618e+00	(5.46844863e-02 1.70820867e-02 -3.65158145e-20)	13
5.82            	p               	3.94222891e-01	(5.70315691e-01 8.27914143e-02 1.40075218e-19)	12	1.94811244e+00	(5.46844863e-02 1.70820867e-02 -3.65158145e-20)	13
5.84            	p               	3.92592190e-01	(5.54690699e-01 8.55293028e-02 -9.92063244e-20)	12	1.94877369e+00	(5.46844863e-02 1.70820867e-02 -3.65158145e-20)	13
5.86            	p               	3.92921849e-01	(5.70315691e-01 8.27914143e-02 1.40075218e-19)	12	1.94545863e+00	(5.46844863e-02 1.70820867e-02 -3.65158145e-20)	13
5.88            	p               	3.93071513e-01	(5.54690699e-01 8.55293028e-02 -9.92063244e-20)	12	1.94562895e+00	(5.46844863e-02 1.70820867e-02 -3.65158145e-20)	13
5.9             	p               	3.93336085e-01	(5.70315691e-01 8.27914143e-02 1.40075218e-19)	12	1.94443035e+00	(5.46844863e-02 1.70820867e-02 -3.65158145e-20)	13
5.92            	p               	3.95576633e-01	(5.70315691e-01 8.27914143e-02 1.40075218e-19)	12	1.94721171e+00	(5.46844863e-02 1.70820867e-02 -3.65158145e-20)	13
5.94            	p               	3.94021025e-01	(5.54690699e-01 8.55293028e-02 -9.92063244e-20)	12	1.94929236e+00	(5.46844863e-02 1.70820867e-02 -3.65158145e-20)	13
5.96            	p               	3.93778299e-01	(5.70315691e-01 8.27914143e-02 1.40075218e-19)	12	1.94635835e+00	(5.46844863e-02 1.70820867e-02 -3.65158145e-20)	13
5.98            	p               	3.92578913e-01	(5.54690699e-01 8.55293028e-02 -9.92063244e-20)	12	1.94541157e+00	(5.46844863e-02 1.70820867e-02 -3.65158145e-20)	13
6               	p               	3.91412397e-01	(5.70315691e-01 8.27914143e-02 1.40075218e-19)	12	1.94485482e+00	(5.46844863e-02 1.70820867e-02 -3.65158145e-20)	13
6.02            	p               	3.99141564e-01	(5.54690699e-01 8.55293028e-02 -9.92063244e-20)	12	1.94601855e+00	(5.46844863e-02 1.70820867e-02 -3.65158145e-20)	13
6.04            	p               	3.91214405e-01	(5.70315691e-01 8.27914143e-02 1.40075218e-19)	12	1.94877822e+00	(5.46844863e-02 1.70820867e-02 -3.65158145e-20)	13
6.06            	p               	3.99645534e-01	(5.70315691e-01 8.27914143e-02 1.40075218e-19)	12	1.94776888e+00	(5.46844863e-02 1.70820867e-02 -3.65158145e-20)	13
6.08            	p               	3.92048762e-01	(5.70315691e-01 8.27914143e-02 1.40075218e-19)	12	1.94524562e+00	(5.46844863e-02 1.70820867e-02 -3.65158145e-20)	13
6.1             	p               	3.95133072e-01	(5.70315691e-01 8.27914143e-02 1.40075218e-19)	12	1.94549077e+00	(5.46844863e-02 1.70820867e-02 -3.65158145e-20)	13
6.12            	p               	3.91022534e-01	(5.54690699e-01 8.55293028e-02 -9.92063244e-20)	12	1.94480280e+00	(5.46844863e-02 1.70820867e-02 -3.65158145e-20)	13
6.14            	p               	3.92860270e-01	(5.70315691e-01 8.27914143e-02 1.40075218e-19)	12	1.94791219e+00	(5.46844863e-02 1.70820867e-02 -3.65158145e-20)	13
6.16            	p               	3.95612150e-01	(5.54690699e-01 8.55293028e-02 -9.92063244e-20)	12	1.94899213e+00	(5.46844863e-02 1.70820867e-02 -3.65158145e-20)	13
6.18            	p               	3.91244359e-01	(5.70315691e-01 8.27914143e-02 1.40075218e-19)	12	1.94560323e+00	(5.46844863e-02 1.70820867e-02 -3.65158145e-20)	13
6.2             	p               	4.00225364e-01	(5.54690699e-01 8.55293028e-02 -9.92063244e-20)	12	1.94560494e+00	(5.46844863e-02 1.70820867e-02 -3.65158145e-20)	13
6.22            	p               	3.91886276e-01	(5.70315691e-01 8.27914143e-02 1.40075218e-19)	12	1.94445285e+00	(5.46844863e-02 1.70820867e-02 -3.65158145e-20)	13
6.24            	p               	4.00077836e-01	(5.54690699e-01 8.55293028e-02 -9.92063244e-20)	12	1.94696927e+00	(5.46844863e-02 1.70820867e-02 -3.65158145e-20)	13
6.26            	p               	3.91907153e-01	(5.70315691e-01 8.27914143e-02 1.40075218e-19)	12	1.94924895e+00	(5.46844863e-02 1.70820867e-02 -3.65158145e-20)	13
6.28            	p               	3.97971235e-01	(5.54690699e-01 8.55293028e-02 -9.92063244e-20)	12	1.94665679e+00	(5.46844863e-02 1.70820867e-02 -3.65158145e-20)	13
6.3             	p               	3.90712063e-01	(5.70315691e-01 8.27914143e-02 1.40075218e-19)	12	1.94534805e+00	(5.46844863e-02 1.70820867e-02 -3.65158145e-20)	13
6.32            	p               	3.98206689e-01	(5.54690699e-01 8.55293028e-02 -9.92063244e-20)	12	1.94502302e+00	(5.46844863e-02 1.70820867e-02 -3.65158145e-20)	13
6.34            	p               	3.90923270e-01	(5.70315691e-01 8.27914143e-02 1.40075218e-19)	12	1.94570749e+00	(5.46844863e-02 1.70820867e-02 -3.65158145e-20)	13
6.36            	p               	4.00521423e-01	(5.54690699e-01 8.55293028e-02 -9.92063244e-20)	12	1.94858269e+00	(5.46844863e-02 1.70820867e-02 -3.65158145e-20)	13
6.38            	p               	3.90864639e-01	(5.70315691e-01 8.27914143e-02 1.40075218e-19)	12	1.94810159e+00	(5.46844863e-02 1.70820867e-02 -3.65158145e-20)	13
6.4             	p               	3.98525616e-01	(5.70315691e-01 8.27914143e-02 1.40075218e-19)	12	1.94526949e+00	(5.46844863e-02 1.70820867e-02 -3.65158145e-20)	13
6.42            	p               	3.92073133e-01	(5.54690699e-01 8.55293028e-02 -9.92063244e-20)	12	1.94557134e+00	(5.46844863e-02 1.70820867e-02 -3.65158145e-20)	13
6.44            	p               	3.94294574e-01	(5.70315691e-01 8.27914143e-02 1.40075218e-19)	12	1.94461977e+00	(5.46844863e-02 1.70820867e-02 -3.65158145e-20)	13
6.46            	p               	3.91658530e-01	(5.54690699e-01 8.55293028e-02 -9.92063244e-20)	12	1.94771125e+00	(5.46844863e-02 1.70820867e-02 -3.65158145e-20)	13
6.48            	p               	3.92969454e-01	(5.70315691e-01 8.27914143e-02 1.40075218e-19)	12	1.94915496e+00	(5.46844863e-02 1.70820867e-02 -3.65158145e-20)	13
6.5             	p               	3.96620823e-01	(5.70315691e-01 8.27914143e-02 1.40075218e-19)	12	1.94578723e+00	(5.46844863e-02 1.70820867e-02 -3.65158145e-20)	13
6.52            	p               	3.91223582e-01	(5.54690699e-01 8.55293028e-02 -9.92063244e-20)	12	1.94555934e+00	(5.46844863e-02 1.70820867e-02 -3.65158145e-20)	13
6.54            	p               	3.93567842e-01	(5.70315691e-01 8.27914143e-02 1.40075218e-19)	12	1.94452993e+00	(5.46844863e-02 1.70820867e-02 -3.65158145e-20)	13
6.56            	p               	3.94600180e-01	(5.54690699e-01 8.55293028e-02 -9.92063244e-20)	12	1.94670551e+00	(5.46844863e-02 1.70820867e-02 -3.65158145e-20)	13
6.58            	p               	3.91442082e-01	(5.70315691e-01 8.27914143e-02 1.40075218e-19)	12	1.94915167e+00	(5.46844863e-02 1.70820867e-02 -3.65158145e-20)	13
6.6             	p               	4.01306739e-01	(5.70315691e-01 8.27914143e-02 1.40075218e-19)	12	1.94697872e+00	(5.46844863e-02 1.70820867e-02 -3.65158145e-20)	13
6.62            	p               	3.90755099e-01	(5.70315691e-01 8.27914143e-02 1.40075218e-19)	12	1.94529473e+00	(5.46844863e-02 1.70820867e-02 -3.65158145e-20)	13
6.64            	p               	3.96349239e-01	(5.70315691e-01 8.27914143e-02 1.40075218e-19)	12	1.94518688e+00	(5.46844863e-02 1.70820867e-02 -3.65158145e-20)	13
6.66            	p               	3.90110630e-01	(5.54690699e-01 8.55293028e-02 -9.92063244e-20)	12	1.94540410e+00	(5.46844863e-02 1.70820867e-02 -3.65158145e-20)	13
6.68            	p               	3.93331786e-01	(5.70315691e-01 8.27914143e-02 1.40075218e-19)	12	1.94838042e+00	(5.46844863e-02 1.70820867e-02 -3.65158145e-20)	13
6.7             	p               	3.99263531e-01	(5.70315691e-01 8.27914143e-02 1.40075218e-19)	12	1.94841319e+00	(5.46844863e-02 1.70820867e-02 -3.65158145e-20)	13
6.72            	p               	3.91752617e-01	(5.70315691e-01 8.27914143e-02 1.40075218e-19)	12	1.94532658e+00	(5.46844863e-02 1.70820867e-02 -3.65158145e-20)	13
6.74            	p               	3.96561443e-01	(5.70315691e-01 8.27914143e-02 1.40075218e-19)	12	1.94561801e+00	(5.46844863e-02 1.70820867e-02 -3.65158145e-20)	13
6.76            	p               	3.90466975e-01	(5.54690699e-01 8.55293028e-02 -9.92063244e-20)	12	1.94449601e+00	(5.46844863e-02 1.70820867e-02 -3.65158145e-20)	13
6.78            	p               	3.94465426e-01	(5.70315691e-01 8.27914143e-02 1.40075218e-19)	12	1.94750451e+00	(5.46844863e-02 1.70820867e-02 -3.65158145e-20)	13
6.8             	p               	3.92105454e-01	(5.54690699e-01 8.55293028e-02 -9.92063244e-20)	12	1.94925636e+00	(5.46844863e-02 1.70820867e-02 -3.65158145e-20)	13
6.82            	p               	3.93352411e-01	(5.70315691e-01 8.27914143e-02 1.40075218e-19)	12	1.94600950e+00	(5.46844863e-02 1.70820867e-02 -3.65158145e-20)	13
6.84            	p               	3.93619570e-01	(5.54690699e-01 8.55293028e-02 -9.92063244e-20)	12	1.94549966e+00	(5.46844863e-02 1.70820867e-02 -3.65158145e-20)	13
6.86            	p               	3.93682726e-01	(5.70315691e-01 8.27914143e-02 1.40075218e-19)	12	1.94465100e+00	(5.46844863e-02 1.70820867e-02 -3.65158145e-20)	13
6.88            	p               	3.93335189e-01	(5.54690699e-01 8.55293028e-02 -9.92063244e-20)	12	1.94642023e+00	(5.46844863e-02 1.70820867e-02 -3.65158145e-20)	13
6.9             	p               	3.94037308e-01	(5.70315691e-01 8.27914143e-02 1.40075218e-19)	12	1.94901101e+00	(5.46844863e-02 1.70820867e-02 -3.65158145e-20)	13
6.92            	p               	3.92154260e-01	(5.54690699e-01 8.55293028e-02 -9.92063244e-20)	12	1.94731599e+00	(5.46844863e-02 1.70820867e-02 -3.65158145e-20)	13
6.94            	p               	3.92829271e-01	(5.70315691e-01 8.27914143e-02 1.40075218e-19)	12	1.94525821e+00	(5.46844863e-02 1.70820867e-02 -3.65158145e-20)	13
6.96            	p               	3.92922487e-01	(5.54690699e-01 8.55293028e-02 -9.92063244e-20)	12	1.94533473e+00	(5.46844863e-02 1.70820867e-02 -3.65158145e-20)	13
6.98            	p               	3.92145050e-01	(5.70315691e-01 8.27914143e-02 1.40075218e-19)	12	1.94512153e+00	(5.46844863e-02 1.70820867e-02 -3.65158145e-20)	13
7               	p               	3.95303274e-01	(5.54690699e-01 8.55293028e-02 -9.92063244e-20)	12	1.94817757e+00	(5.46844863e-02 1.70820867e-02 -3.65158145e-20)	13
7.02            	p               	3.91639962e-01	(5.70315691e-01 8.27914143e-02 1.40075218e-19)	12	1.94869212e+00	(5.46844863e-02 1.70820867e-02 -3.65158145e-20)	13
7.04            	p               	3.98523095e-01	(5.70315691e-01 8.27914143e-02 1.40075218e-19)	12	1.94542013e+00	(5.46844863e-02 1.70820867e-02 -3.65158145e-20)	13
7.06            	p               	3.92472188e-01	(5.54690699e-01 8.55293028e-02 -9.92063244e-20)	12	1.94563107e+00	(5.46844863e-02 1.70820867e-02 -3.65158145e-20)	13
7.08            	p               	3.94416978e-01	(5.70315691e-01 8.27914143e-02 1.40075218e-19)	12	1.94443611e+00	(5.46844863e-02 1.70820867e-02 -3.65158145e-20)	13
7.1             	p               	3.91195574e-01	(5.54690699e-01 8.55293028e-02 -9.92063244e-20)	12	1.94728621e+00	(5.46844863e-02 1.70820867e-02 -3.65158145e-20)	13
7.12            	p               	3.92060493e-01	(5.70315691e-01 8.27914143e-02 1.40075218e-19)	12	1.94929374e+00	(5.46844863e-02 1.70820867e-02 -3.65158145e-20)	13
7.14            	p               	3.98520973e-01	(5.54690699e-01 8.55293028e-02 -9.92063244e-20)	12	1.94626745e+00	(5.46844863e-02 1.70820867e-02 -3.65158145e-20)	13
7.16            	p               	3.90914683e-01	(5.70315691e-01 8.27914143e-02 1.40075218e-19)	12	1.94543340e+00	(5.46844863e-02 1.70820867e-02 -3.65158145e-20)	13
7.18            	p               	3.96333180e-01	(5.70315691e-01 8.27914143e-02 1.40075218e-19)	12	1.94480228e+00	(5.46844863e-02 1.70820867e-02 -3.65158145e-20)	13
7.2             	p               	3.90411984e-01	(5.54690699e-01 8.55293028e-02 -9.92063244e-20)	12	1.94611817e+00	(5.46844863e-02 1.70820867e-02 -3.65158145e-20)	13
7.22            	p               	3.93974214e-01	(5.70315691e-01 8.27914143e-02 1.40075218e-19)	12	1.94883917e+00	(5.46844863e-02 1.70820867e-02 -3.65158145e-20)	13
7.24            	p               	3.98721158e-01	(5.70315691e-01 8.27914143e-02 1.40075218e-19)	12	1.94765836e+00	(5.46844863e-02 1.70820867e-02 -3.65158145e-20)	13
7.26            	p               	3.91666802e-01	(5.70315691e-01 8.27914143e-02 1.40075218e-19)	12	1.94524438e+00	(5.46844863e-02 1.70820867e-02 -3.65158145e-20)	13
7.28            	p               	3.96564676e-01	(5.70315691e-01 8.27914143e-02 1.40075218e-19)	12	1.94545752e+00	(5.46844863e-02 1.70820867e-02 -3.65158145e-20)	13
7.3             	p               	3.90126125e-01	(5.54690699e-01 8.55293028e-02 -9.92063244e-20)	12	1.94487357e+00	(5.46844863e-02 1.70820867e-02 -3.65158145e-20)	13
7.32            	p               	3.93128200e-01	(5.70315691e-01 8.27914143e-02 1.40075218e-19)	12	1.94797692e+00	(5.46844863e-02 1.70820867e-02 -3.65158145e-20)	13
7.34            	p               	3.94436199e-01	(5.54690699e-01 8.55293028e-02 -9.92063244e-20)	12	1.94892704e+00	(5.46844863e-02 1.70820867e-02 -3.65158145e-20)	13
7.36            	p               	3.92361129e-01	(5.70315691e-01 8.27914143e-02 1.40075218e-19)	12	1.94555206e+00	(5.46844863e-02 1.70820867e-02 -3.65158145e-20)	13
7.38            	p               	3.96027002e-01	(5.70315691e-01 8.27914143e-02 1.40075218e-19)	12	1.94561520e+00	(5.46844863e-02 1.70820867e-02 -3.65158145e-20)	13
7.4             	p               	3.90836644e-01	(5.54690699e-01 8.55293028e-02 -9.92063244e-20)	12	1.94443901e+00	(5.46844863e-02 1.70820867e-02 -3.65158145e-20)	13
7.42            	p               	3.93176475e-01	(5.70315691e-01 8.27914143e-02 1.40075218e-19)	12	1.94705055e+00	(5.46844863e-02 1.70820867e-02 -3.65158145e-20)	13
7.44            	p               	3.95385147e-01	(5.54690699e-01 8.55293028e-02 -9.92063244e-20)	12	1.94926908e+00	(5.46844863e-02 1.70820867e-02 -3.65158145e-20)	13
7.46            	p               	3.91660878e-01	(5.70315691e-01 8.27914143e-02 1.40075218e-19)	12	1.94655706e+00	(5.46844863e-02 1.70820867e-02 -3.65158145e-20)	13
7.48            	p               	3.97109474e-01	(5.70315691e-01 8.27914143e-02 1.40075218e-19)	12	1.94536781e+00	(5.46844863e-02 1.70820867e-02 -3.65158145e-20)	13
7.5             	p               	3.90745634e-01	(5.54690699e-01 8.55293028e-02 -9.92063244e-20)	12	1.94496789e+00	(5.46844863e-02 1.70820867e-02 -3.65158145e-20)	13
7.52            	p               	3.93828636e-01	(5.70315691e-01 8.27914143e-02 1.40075218e-19)	12	1.94580872e+00	(5.46844863e-02 1.70820867e-02 -3.65158145e-20)	13
7.54            	p               	3.92558684e-01	(5.54690699e-01 8.55293028e-02 -9.92063244e-20)	12	1.94864729e+00	(5.46844863e-02 1.70820867e-02 -3.65158145e-20)	13
7.56            	p               	3.91457917e-01	(5.70315691e-01 8.27914143e-02 1.40075218e-19)	12	1.94799513e+00	(5.46844863e-02 1.70820867e-02 -3.65158145e-20)	13
7.58            	p               	3.99558721e-01	(5.54690699e-01 8.55293028e-02 -9.92063244e-20)	12	1.94525826e+00	(5.46844863e-02 1.70820867e-02 -3.65158145e-20)	13
7.6             	p               	3.90886223e-01	(5.70315691e-01 8.27914143e-02 1.40075218e-19)	12	1.94554921e+00	(5.46844863e-02 1.70820867e-02 -3.65158145e-20)	13
7.62            	p               	3.97465827e-01	(5.70315691e-01 8.27914143e-02 1.40075218e-19)	12	1.94467281e+00	(5.46844863e-02 1.70820867e-02 -3.65158145e-20)	13
7.64            	p               	3.90419442e-01	(5.54690699e-01 8.55293028e-02 -9.92063244e-20)	12	1.94777691e+00	(5.46844863e-02 1.70820867e-02 -3.65158145e-20)	13
7.66            	p               	3.93594488e-01	(5.70315691e-01 8.27914143e-02 1.40075218e-19)	12	1.94910869e+00	(5.46844863e-02 1.70820867e-02 -3.65158145e-20)	13
7.68            	p               	3.93887265e-01	(5.54690699e-01 8.55293028e-02 -9.92063244e-20)	12	1.94572315e+00	(5.46844863e-02 1.70820867e-02 -3.65158145e-20)	13
7.7             	p               	3.90955578e-01	(5.70315691e-01 8.27914143e-02 1.40075218e-19)	12	1.94557609e+00	(5.46844863e-02 1.70820867e-02 -3.65158145e-20)	13
7.72            	p               	4.01290460e-01	(5.70315691e-01 8.27914143e-02 1.40075218e-19)	12	1.94449954e+00	(5.46844863e-02 1.70820867e-02 -3.65158145e-20)	13
7.74            	p               	3.91103053e-01	(5.70315691e-01 8.27914143e-02 1.40075218e-19)	12	1.94679349e+00	(5.46844863e-02 1.70820867e-02 -3.65158145e-20)	13
7.76            	p               	3.98860476e-01	(5.70315691e-01 8.27914143e-02 1.40075218e-19)	12	1.94918855e+00	(5.46844863e-02 1.70820867e-02 -3.65158145e-20)	13
7.78            	p               	3.91460182e-01	(5.54690699e-01 8.55293028e-02 -9.92063244e-20)	12	1.94687216e+00	(5.46844863e-02 1.70820867e-02 -3.65158145e-20)	13
7.8             	p               	3.95012089e-01	(5.70315691e-01 8.27914143e-02 1.40075218e-19)	12	1.94531045e+00	(5.46844863e-02 1.70820867e-02 -3.65158145e-20)	13
7.82            	p               	3.91326971e-01	(5.54690699e-01 8.55293028e-02 -9.92063244e-20)	12	1.94513448e+00	(5.46844863e-02 1.70820867e-02 -3.65158145e-20)	13
7.84            	p               	3.93062423e-01	(5.70315691e-01 8.27914143e-02 1.40075218e-19)	12	1.94550153e+00	(5.46844863e-02 1.70820867e-02 -3.65158145e-20)	13
7.86            	p               	3.93917479e-01	(5.54690699e-01 8.55293028e-02 -9.92063244e-20)	12	1.94844617e+00	(5.46844863e-02 1.70820867e-02 -3.65158145e-20)	13
7.88            	p               	3.91708926e-01	(5.70315691e-01 8.27914143e-02 1.40075218e-19)	12	1.94831498e+00	(5.46844863e-02 1.70820867e-02 -3.65158145e-20)	13
7.9             	p               	3.98604488e-01	(5.54690699e-01 8.55293028e-02 -9.92063244e-20)	12	1.94530418e+00	(5.46844863e-02 1.70820867e-02 -3.65158145e-20)	13
7.92            	p               	3.90963298e-01	(5.70315691e-01 8.27914143e-02 1.40075218e-19)	12	1.94560625e+00	(5.46844863e-02 1.70820867e-02 -3.65158145e-20)	13
7.94            	p               	3.99999267e-01	(5.70315691e-01 8.27914143e-02 1.40075218e-19)	12	1.94452951e+00	(5.46844863e-02 1.70820867e-02 -3.65158145e-20)	13
7.96            	p               	3.92141496e-01	(5.70315691e-01 8.27914143e-02 1.40075218e-19)	12	1.94757293e+00	(5.46844863e-02 1.70820867e-02 -3.65158145e-20)	13
7.98            	p               	3.97112385e-01	(5.70315691e-01 8.27914143e-02 1.40075218e-19)	12	1.94923021e+00	(5.46844863e-02 1.70820867e-02 -3.65158145e-20)	13
8               	p               	3.90987279e-01	(5.54690699e-01 8.55293028e-02 -9.92063244e-20)	12	1.94593304e+00	(5.46844863e-02 1.70820867e-02 -3.65158145e-20)	13
8.02            	p               	3.93723347e-01	(5.70315691e-01 8.27914143e-02 1.40075218e-19)	12	1.94552023e+00	(5.46844863e-02 1.70820867e-02 -3.65158145e-20)	13
8.04            	p               	3.93065522e-01	(5.54690699e-01 8.55293028e-02 -9.92063244e-20)	12	1.94460761e+00	(5.46844863e-02 1.70820867e-02 -3.65158145e-20)	13
8.06            	p               	3.92613205e-01	(5.70315691e-01 8.27914143e-02 1.40075218e-19)	12	1.94651515e+00	(5.46844863e-02 1.70820867e-02 -3.65158145e-20)	13
8.08            	p               	3.96659632e-01	(5.54690699e-01 8.55293028e-02 -9.92063244e-20)	12	1.94906106e+00	(5.46844863e-02 1.70820867e-02 -3.65158145e-20)	13
8.1             	p               	3.91738707e-01	(5.70315691e-01 8.27914143e-02 1.40075218e-19)	12	1.94720497e+00	(5.46844863e-02 1.70820867e-02 -3.65158145e-20)	13
8.12            	p               	3.99816595e-01	(5.54690699e-01 8.55293028e-02 -9.92063244e-20)	12	1.94526791e+00	(5.46844863e-02 1.70820867e-02 -3.65158145e-20)	13
8.14            	p               	3.91545447e-01	(5.70315691e-01 8.27914143e-02 1.40075218e-19)	12	1.94528922e+00	(5.46844863e-02 1.70820867e-02 -3.65158145e-20)	13
8.16            	p               	4.00846107e-01	(5.70315691e-01 8.27914143e-02 1.40075218e-19)	12	1.94521012e+00	(5.46844863e-02 1.70820867e-02 -3.65158145e-20)	13
8.18            	p               	3.91449991e-01	(5.70315691e-01 8.27914143e-02 1.40075218e-19)	12	1.94824354e+00	(5.46844863e-02 1.70820867e-02 -3.65158145e-20)	13
8.2             	p               	4.01008087e-01	(5.70315691e-01 8.27914143e-02 1.40075218e-19)	12	1.94860563e+00	(5.46844863e-02 1.70820867e-02 -3.65158145e-20)	13
8.22            	p               	3.90734558e-01	(5.70315691e-01 8.27914143e-02 1.40075218e-19)	12	1.94538552e+00	(5.46844863e-02 1.70820867e-02 -3.65158145e-20)	13
8.24            	p               	3.99673379e-01	(5.70315691e-01 8.27914143e-02 1.40075218e-19)	12	1.94563010e+00	(5.46844863e-02 1.70820867e-02 -3.65158145e-20)	13
8.26            	p               	3.91864583e-01	(5.70315691e-01 8.27914143e-02 1.40075218e-19)	12	1.94444862e+00	(5.46844863e-02 1.70820867e-02 -3.65158145e-20)	13
8.28            	p               	3.98026891e-01	(5.70315691e-01 8.27914143e-02 1.40075218e-19)	12	1.94735902e+00	(5.46844863e-02 1.70820867e-02 -3.65158145e-20)	13
8.3             	p               	3.91664467e-01	(5.54690699e-01 8.55293028e-02 -9.92063244e-20)	12	1.94928843e+00	(5.46844863e-02 1.70820867e-02 -3.65158145e-20)	13
8.32            	p               	3.95133803e-01	(5.70315691e-01 8.27914143e-02 1.40075218e-19)	12	1.94617981e+00	(5.46844863e-02 1.70820867e-02 -3.65158145e-20)	13
8.34            	p               	3.90895229e-01	(5.54690699e-01 8.55293028e-02 -9.92063244e-20)	12	1.94545516e+00	(5.46844863e-02 1.70820867e-02 -3.65158145e-20)	13
8.36            	p               	3.92837541e-01	(5.70315691e-01 8.27914143e-02 1.40075218e-19)	12	1.94475028e+00	(5.46844863e-02 1.70820867e-02 -3.65158145e-20)	13
8.38            	p               	3.94150010e-01	(5.54690699e-01 8.55293028e-02 -9.92063244e-20)	12	1.94621844e+00	(5.46844863e-02 1.70820867e-02 -3.65158145e-20)	13
8.4             	p               	3.91797585e-01	(5.70315691e-01 8.27914143e-02 1.40075218e-19)	12	1.94889771e+00	(5.46844863e-02 1.70820867e-02 -3.65158145e-20)	13
8.42            	p               	3.99761664e-01	(5.54690699e-01 8.55293028e-02 -9.92063244e-20)	12	1.94754679e+00	(5.46844863e-02 1.70820867e-02 -3.65158145e-20)	13
8.44            	p               	3.90876357e-01	(5.70315691e-01 8.27914143e-02 1.40075218e-19)	12	1.94524608e+00	(5.46844863e-02 1.70820867e-02 -3.65158145e-20)	13
8.46            	p               	3.98799649e-01	(5.70315691e-01 8.27914143e-02 1.40075218e-19)	12	1.94542078e+00	(5.46844863e-02 1.70820867e-02 -3.65158145e-20)	13
8.48            	p               	3.92909647e-01	(5.54690699e-01 8.55293028e-02 -9.92063244e-20)	12	1.94494967e+00	(5.46844863e-02 1.70820867e-02 -3.65158145e-20)	13
8.5             	p               	3.95622386e-01	(5.70315691e-01 8.27914143e-02 1.40075218e-19)	12	1.94804229e+00	(5.46844863e-02 1.70820867e-02 -3.65158145e-20)	13
8.52            	p               	3.91073908e-01	(5.54690699e-01 8.55293028e-02 -9.92063244e-20)	12	1.94885584e+00	(5.46844863e-02 1.70820867e-02 -3.65158145e-20)	13
8.54            	p               	3.92632126e-01	(5.70315691e-01 8.27914143e-02 1.40075218e-19)	12	1.94550468e+00	(5.46844863e-02 1.70820867e-02 -3.65158145e-20)	13
8.56            	p               	3.95244335e-01	(5.54690699e-01 8.55293028e-02 -9.92063244e-20)	12	1.94562355e+00	(5.46844863e-02 1.70820867e-02 -3.65158145e-20)	13
8.58            	p               	3.91786598e-01	(5.70315691e-01 8.27914143e-02 1.40075218e-19)	12	1.94443150e+00	(5.46844863e-02 1.70820867e-02 -3.65158145e-20)	13
8.6             	p               	4.00241803e-01	(5.70315691e-01 8.27914143e-02 1.40075218e-19)	12	1.94712920e+00	(5.46844863e-02 1.70820867e-02 -3.65158145e-20)	13
8.62            	p               	3.92095401e-01	(5.70315691e-01 8.27914143e-02 1.40075218e-19)	12	1.94928389e+00	(5.46844863e-02 1.70820867e-02 -3.65158145e-20)	13
8.64            	p               	3.96901149e-01	(5.70315691e-01 8.27914143e-02 1.40075218e-19)	12	1.94645953e+00	(5.46844863e-02 1.70820867e-02 -3.65158145e-20)	13
8.66            	p               	3.90944425e-01	(5.54690699e-01 8.55293028e-02 -9.92063244e-20)	12	1.94538863e+00	(5.46844863e-02 1.70820867e-02 -3.65158145e-20)	13
8.68            	p               	3.93681182e-01	(5.70315691e-01 8.27914143e-02 1.40075218e-19)	12	1.94491323e+00	(5.46844863e-02 1.70820867e-02 -3.65158145e-20)	13
8.7             	p               	3.93313587e-01	(5.54690699e-01 8.55293028e-02 -9.92063244e-20)	12	1.94590978e+00	(5.46844863e-02 1.70820867e-02 -3.65158145e-20)	13
8.72            	p               	3.92328718e-01	(5.70315691e-01 8.27914143e-02 1.40075218e-19)	12	1.94871113e+00	(5.46844863e-02 1.70820867e-02 -3.65158145e-20)	13
8.74            	p               	3.99755104e-01	(5.54690699e-01 8.55293028e-02 -9.92063244e-20)	12	1.94788686e+00	(5.46844863e-02 1.70820867e-02 -3.65158145e-20)	13
8.76            	p               	3.91327961e-01	(5.70315691e-01 8.27914143e-02 1.40075218e-19)	12	1.94525042e+00	(5.46844863e-02 1.70820867e-02 -3.65158145e-20)	13
8.78            	p               	3.97731202e-01	(5.70315691e-01 8.27914143e-02 1.40075218e-19)	12	1.94552284e+00	(5.46844863e-02 1.70820867e-02 -3.65158145e-20)	13
8.8             	p               	3.92206630e-01	(5.54690699e-01 8.55293028e-02 -9.92063244e-20)	12	1.94473246e+00	(5.46844863e-02 1.70820867e-02 -3.65158145e-20)	13
8.82            	p               	3.94609719e-01	(5.70315691e-01 8.27914143e-02 1.40075218e-19)	12	1.94784218e+00	(5.46844863e-02 1.70820867e-02 -3.65158145e-20)	13
8.84            	p               	3.92082537e-01	(5.54690699e-01 8.55293028e-02 -9.92063244e-20)	12	1.94905579e+00	(5.46844863e-02 1.70820867e-02 -3.65158145e-20)	13
8.86            	p               	3.92173848e-01	(5.70315691e-01 8.27914143e-02 1.40075218e-19)	12	1.94566315e+00	(5.46844863e-02 1.70820867e-02 -3.65158145e-20)	13
8.88            	p               	3.98994889e-01	(5.54690699e-01 8.55293028e-02 -9.92063244e-20)	12	1.94559102e+00	(5.46844863e-02 1.70820867e-02 -3.65158145e-20)	13
8.9             	p               	3.92035845e-01	(5.70315691e-01 8.27914143e-02 1.40075218e-19)	12	1.94447408e+00	(5.46844863e-02 1.70820867e-02 -3.65158145e-20)	13
8.92            	p               	3.97554562e-01	(5.70315691e-01 8.27914143e-02 1.40075218e-19)	12	1.94687957e+00	(5.46844863e-02 1.70820867e-02 -3.65158145e-20)	13
8.94            	p               	3.91351820e-01	(5.54690699e-01 8.55293028e-02 -9.92063244e-20)	12	1.94922054e+00	(5.46844863e-02 1.70820867e-02 -3.65158145e-20)	13
8.96            	p               	3.94169299e-01	(5.70315691e-01 8.27914143e-02 1.40075218e-19)	12	1.94676709e+00	(5.46844863e-02 1.70820867e-02 -3.65158145e-20)	13
8.98            	p               	3.91614533e-01	(5.54690699e-01 8.55293028e-02 -9.92063244e-20)	12	1.94532792e+00	(5.46844863e-02 1.70820867e-02 -3.65158145e-20)	13
9               	p               	3.91932295e-01	(5.70315691e-01 8.27914143e-02 1.40075218e-19)	12	1.94508174e+00	(5.46844863e-02 1.70820867e-02 -3.65158145e-20)	13
9.02            	p               	3.97594410e-01	(5.54690699e-01 8.55293028e-02 -9.92063244e-20)	12	1.94559951e+00	(5.46844863e-02 1.70820867e-02 -3.65158145e-20)	13
9.04            	p               	3.91501857e-01	(5.70315691e-01 8.27914143e-02 1.40075218e-19)	12	1.94851236e+00	(5.46844863e-02 1.70820867e-02 -3.65158145e-20)	13
9.06            	p               	4.00012568e-01	(5.70315691e-01 8.27914143e-02 1.40075218e-19)	12	1.94821368e+00	(5.46844863e-02 1.70820867e-02 -3.65158145e-20)	13
9.08            	p               	3.91787446e-01	(5.70315691e-01 8.27914143e-02 1.40075218e-19)	12	1.94528552e+00	(5.46844863e-02 1.70820867e-02 -3.65158145e-20)	13
9.1             	p               	3.95802944e-01	(5.70315691e-01 8.27914143e-02 1.40075218e-19)	12	1.94559161e+00	(5.46844863e-02 1.70820867e-02 -3.65158145e-20)	13
9.12            	p               	3.91093672e-01	(5.54690699e-01 8.55293028e-02 -9.92063244e-20)	12	1.94456933e+00	(5.46844863e-02 1.70820867e-02 -3.65158145e-20)	13
9.14            	p               	3.93306359e-01	(5.70315691e-01 8.27914143e-02 1.40075218e-19)	12	1.94763978e+00	(5.46844863e-02 1.70820867e-02 -3.65158145e-20)	13
9.16            	p               	3.93972710e-01	(5.54690699e-01 8.55293028e-02 -9.92063244e-20)	12	1.94919769e+00	(5.46844863e-02 1.70820867e-02 -3.65158145e-20)	13
9.18            	p               	3.91315616e-01	(5.70315691e-01 8.27914143e-02 1.40075218e-19)	12	1.94586083e+00	(5.46844863e-02 1.70820867e-02 -3.65158145e-20)	13
9.2             	p               	4.00155788e-01	(5.54690699e-01 8.55293028e-02 -9.92063244e-20)	12	1.94553966e+00	(5.46844863e-02 1.70820867e-02 -3.65158145e-20)	13
9.22            	p               	3.91145063e-01	(5.70315691e-01 8.27914143e-02 1.40075218e-19)	12	1.94456794e+00	(5.46844863e-02 1.70820867e-02 -3.65158145e-20)	13
9.24            	p               	3.99845706e-01	(5.70315691e-01 8.27914143e-02 1.40075218e-19)	12	1.94660794e+00	(5.46844863e-02 1.70820867e-02 -3.65158145e-20)	13
9.26            	p               	3.92180358e-01	(5.70315691e-01 8.27914143e-02 1.40075218e-19)	12	1.94910671e+00	(5.46844863e-02 1.70820867e-02 -3.65158145e-20)	13
9.28            	p               	3.96806872e-01	(5.70315691e-01 8.27914143e-02 1.40075218e-19)	12	1.94709560e+00	(5.46844863e-02 1.70820867e-02 -3.65158145e-20)	13
9.3             	p               	3.90742111e-01	(5.54690699e-01 8.55293028e-02 -9.92063244e-20)	12	1.94527968e+00	(5.46844863e-02 1.70820867e-02 -3.65158145e-20)	13
9.32            	p               	3.93834651e-01	(5.70315691e-01 8.27914143e-02 1.40075218e-19)	12	1.94524082e+00	(5.46844863e-02 1.70820867e-02 -3.65158145e-20)	13
9.34            	p               	3.92540874e-01	(5.54690699e-01 8.55293028e-02 -9.92063244e-20)	12	1.94530229e+00	(5.46844863e-02 1.70820867e-02 -3.65158145e-20)	13
9.36            	p               	3.92396815e-01	(5.70315691e-01 8.27914143e-02 1.40075218e-19)	12	1.94830922e+00	(5.46844863e-02 1.70820867e-02 -3.65158145e-20)	13
9.38            	p               	3.96747412e-01	(5.54690699e-01 8.55293028e-02 -9.92063244e-20)	12	1.94851511e+00	(5.46844863e-02 1.70820867e-02 -3.65158145e-20)	13
9.4             	p               	3.91184025e-01	(5.70315691e-01 8.27914143e-02 1.40075218e-19)	12	1.94535504e+00	(5.46844863e-02 1.70820867e-02 -3.65158145e-20)	13
9.42            	p               	3.99808323e-01	(5.70315691e-01 8.27914143e-02 1.40075218e-19)	12	1.94562614e+00	(5.46844863e-02 1.70820867e-02 -3.65158145e-20)	13
9.44            	p               	3.92587166e-01	(5.70315691e-01 8.27914143e-02 1.40075218e-19)	12	1.94446775e+00	(5.46844863e-02 1.70820867e-02 -3.65158145e-20)	13
9.46            	p               	3.97772633e-01	(5.70315691e-01 8.27914143e-02 1.40075218e-19)	12	1.94742981e+00	(5.46844863e-02 1.70820867e-02 -3.65158145e-20)	13
9.48            	p               	3.94120198e-01	(5.70315691e-01 8.27914143e-02 1.40075218e-19)	12	1.94927669e+00	(5.46844863e-02 1.70820867e-02 -3.65158145e-20)	13
9.5             	p               	3.96748679e-01	(5.70315691e-01 8.27914143e-02 1.40075218e-19)	12	1.94609583e+00	(5.46844863e-02 1.70820867e-02 -3.65158145e-20)	13
9.52            	p               	3.92607331e-01	(5.70315691e-01 8.27914143e-02 1.40075218e-19)	12	1.94547687e+00	(5.46844863e-02 1.70820867e-02 -3.65158145e-20)	13
9.54            	p               	3.98092657e-01	(5.70315691e-01 8.27914143e-02 1.40075218e-19)	12	1.94470123e+00	(5.46844863e-02 1.70820867e-02 -3.65158145e-20)	13
9.56            	p               	3.92736559e-01	(5.70315691e-01 8.27914143e-02 1.40075218e-19)	12	1.94631613e+00	(5.46844863e-02 1.70820867e-02 -3.65158145e-20)	13
9.58            	p               	3.99691342e-01	(5.70315691e-01 8.27914143e-02 1.40075218e-19)	12	1.94895390e+00	(5.46844863e-02 1.70820867e-02 -3.65158145e-20)	13
9.6             	p               	3.91477797e-01	(5.70315691e-01 8.27914143e-02 1.40075218e-19)	12	1.94743564e+00	(5.46844863e-02 1.70820867e-02 -3.65158145e-20)	13
9.62            	p               	3.97710485e-01	(5.70315691e-01 8.27914143e-02 1.40075218e-19)	12	1.94525051e+00	(5.46844863e-02 1.70820867e-02 -3.65158145e-20)	13
9.64            	p               	3.91330127e-01	(5.54690699e-01 8.55293028e-02 -9.92063244e-20)	12	1.94538080e+00	(5.46844863e-02 1.70820867e-02 -3.65158145e-20)	13
9.66            	p               	3.95095082e-01	(5.70315691e-01 8.27914143e-02 1.40075218e-19)	12	1.94503031e+00	(5.46844863e-02 1.70820867e-02 -3.65158145e-20)	13
9.68            	p               	3.90770060e-01	(5.54690699e-01 8.55293028e-02 -9.92063244e-20)	12	1.94810717e+00	(5.46844863e-02 1.70820867e-02 -3.65158145e-20)	13
9.7             	p               	3.92770143e-01	(5.70315691e-01 8.27914143e-02 1.40075218e-19)	12	1.94877974e+00	(5.46844863e-02 1.70820867e-02 -3.65158145e-20)	13
9.72            	p               	3.94281618e-01	(5.54690699e-01 8.55293028e-02 -9.92063244e-20)	12	1.94546182e+00	(5.46844863e-02 1.70820867e-02 -3.65158145e-20)	13
9.74            	p               	3.91073057e-01	(5.70315691e-01 8.27914143e-02 1.40075218e-19)	12	1.94562851e+00	(5.46844863e-02 1.70820867e-02 -3.65158145e-20)	13
9.76            	p               	4.01078386e-01	(5.70315691e-01 8.27914143e-02 1.40075218e-19)	12	1.94443015e+00	(5.46844863e-02 1.70820867e-02 -3.65158145e-20)	13
9.78            	p               	3.91665530e-01	(5.70315691e-01 8.27914143e-02 1.40075218e-19)	12	1.94720611e+00	(5.46844863e-02 1.70820867e-02 -3.65158145e-20)	13
9.8             	p               	3.98963463e-01	(5.70315691e-01 8.27914143e-02 1.40075218e-19)	12	1.94929190e+00	(5.46844863e-02 1.70820867e-02 -3.65158145e-20)	13
9.82            	p               	3.93081137e-01	(5.70315691e-01 8.27914143e-02 1.40075218e-19)	12	1.94636537e+00	(5.46844863e-02 1.70820867e-02 -3.65158145e-20)	13
9.84            	p               	3.95559662e-01	(5.70315691e-01 8.27914143e-02 1.40075218e-19)	12	1.94540996e+00	(5.46844863e-02 1.70820867e-02 -3.65158145e-20)	13
9.86            	p               	3.92993273e-01	(5.54690699e-01 8.55293028e-02 -9.92063244e-20)	12	1.94485905e+00	(5.46844863e-02 1.70820867e-02 -3.65158145e-20)	13
9.88            	p               	3.93704311e-01	(5.70315691e-01 8.27914143e-02 1.40075218e-19)	12	1.94601065e+00	(5.46844863e-02 1.70820867e-02 -3.65158145e-20)	13
9.9             	p               	3.96716932e-01	(5.54690699e-01 8.55293028e-02 -9.92063244e-20)	12	1.94877371e+00	(5.46844863e-02 1.70820867e-02 -3.65158145e-20)	13
9.92            	p               	3.93427850e-01	(5.70315691e-01 8.27914143e-02 1.40075218e-19)	12	1.94777722e+00	(5.46844863e-02 1.70820867e-02 -3.65158145e-20)	13
9.94            	p               	3.97149878e-01	(5.70315691e-01 8.27914143e-02 1.40075218e-19)	12	1.94524585e+00	(5.46844863e-02 1.70820867e-02 -3.65158145e-20)	13
9.96            	p               	3.92951962e-01	(5.54690699e-01 8.55293028e-02 -9.92063244e-20)	12	1.94549347e+00	(5.46844863e-02 1.70820867e-02 -3.65158145e-20)	13
9.98            	p               	3.95504869e-01	(5.70315691e-01 8.27914143e-02 1.40075218e-19)	12	1.94479734e+00	(5.46844863e-02 1.70820867e-02 -3.65158145e-20)	13
10              	p               	3.91523197e-01	(5.54690699e-01 8.55293028e-02 -9.92063244e-20)	12	1.94790723e+00	(5.46844863e-02 1.70820867e-02 -3.65158145e-20)	13
