# Field minima and maxima
# Time          	field           	min             	location(min)   	processor       	max             	location(max)   	processor       
0.02            	p               	7.33073664e-01	(6.09387686e-01 8.30145538e-02 2.29492899e-19)	1	1.32708101e+00	(4.84362126e-01 9.93385440e-02 -2.76812627e-19)	1
0.04            	p               	5.92266341e-01	(6.71887564e-01 7.21318930e-02 1.26707535e-18)	1	1.58299435e+00	(4.84362126e-01 9.93385440e-02 -2.76812627e-19)	1
0.06            	p               	5.25979154e-01	(9.84386985e-01 1.77185836e-02 1.06559893e-18)	9	1.74482367e+00	(4.84362126e-01 9.93385440e-02 -2.76812627e-19)	1
0.08            	p               	5.13337519e-01	(9.84386985e-01 1.77185836e-02 1.06559893e-18)	9	1.79655474e+00	(4.84362126e-01 9.93385440e-02 -2.76812627e-19)	1
0.1             	p               	4.42516865e-01	(6.09387686e-01 8.30145538e-02 2.29492899e-19)	1	1.75198861e+00	(3.59362375e-01 7.75732234e-02 -3.69358592e-19)	1
0.12            	p               	3.67761147e-01	(6.09387686e-01 8.30145538e-02 2.29492899e-19)	1	1.80549783e+00	(1.09362847e-01 3.40425774e-02 -1.46732709e-12)	0
0.14            	p               	3.30121206e-01	(6.40637625e-01 7.75732234e-02 -3.27702793e-19)	1	1.84599062e+00	(1.09362847e-01 3.40425774e-02 -1.46732709e-12)	0
0.16            	p               	3.13024156e-01	(6.40637625e-01 7.75732234e-02 -3.27702793e-19)	1	1.88230731e+00	(1.09362847e-01 3.40425774e-02 -1.46732709e-12)	0
0.18            	p               	3.11928988e-01	(6.40637625e-01 7.75732234e-02 -3.27702793e-19)	1	1.91159504e+00	(1.09362847e-01 3.40425774e-02 -1.46732709e-12)	0
0.2             	p               	3.16184849e-01	(6.40637625e-01 7.75732234e-02 -3.27702793e-19)	1	1.93035829e+00	(1.09362847e-01 3.40425774e-02 -1.46732709e-12)	0
0.22            	p               	3.16570605e-01	(6.40637625e-01 7.75732234e-02 -3.27702793e-19)	1	1.94131031e+00	(1.09362847e-01 3.40425774e-02 -1.46732709e-12)	0
0.24            	p               	3.12718041e-01	(6.40637625e-01 7.75732234e-02 -3.27702793e-19)	1	1.94864779e+00	(1.09362847e-01 3.40425774e-02 -1.46732709e-12)	0
0.26            	p               	3.11800834e-01	(6.40637625e-01 7.75732234e-02 -3.27702793e-19)	1	1.95257479e+00	(1.09362847e-01 3.40425774e-02 -1.46732709e-12)	0
0.28            	p               	3.14705246e-01	(6.40637625e-01 7.75732234e-02 -3.27702793e-19)	1	1.95258497e+00	(1.09362847e-01 3.40425774e-02 -1.46732709e-12)	0
0.3             	p               	3.17172919e-01	(6.40637625e-01 7.75732234e-02 -3.27702793e-19)	1	1.95106484e+00	(1.09362847e-01 3.40425774e-02 -1.46732709e-12)	0
0.32            	p               	3.17835437e-01	(6.40637625e-01 7.75732234e-02 -3.27702793e-19)	1	1.95024417e+00	(1.09362847e-01 3.40425774e-02 -1.46732709e-12)	0
0.34            	p               	3.18248019e-01	(6.40637625e-01 7.75732234e-02 -3.27702793e-19)	1	1.95033899e+00	(1.09362847e-01 3.40425774e-02 -1.46732709e-12)	0
0.36            	p               	3.20914942e-01	(6.40637625e-01 7.75732234e-02 -3.27702793e-19)	1	1.94980567e+00	(1.09362847e-01 3.40425774e-02 -1.46732709e-12)	0
0.38            	p               	3.23841211e-01	(6.40637625e-01 7.75732234e-02 -3.27702793e-19)	1	1.94840530e+00	(1.09362847e-01 3.40425774e-02 -1.46732709e-12)	0
0.4             	p               	3.24645346e-01	(6.40637625e-01 7.75732234e-02 -3.27702793e-19)	1	1.94775676e+00	(1.09362847e-01 3.40425774e-02 -1.46732709e-12)	0
0.42            	p               	3.26757979e-01	(6.40637625e-01 7.75732234e-02 -3.27702793e-19)	1	1.94878596e+00	(1.09362847e-01 3.40425774e-02 -1.46732709e-12)	0
0.44            	p               	3.30538291e-01	(6.40637625e-01 7.75732234e-02 -3.27702793e-19)	1	1.94976836e+00	(1.09362847e-01 3.40425774e-02 -1.46732709e-12)	0
0.46            	p               	3.29860972e-01	(6.40637625e-01 7.75732234e-02 -3.27702793e-19)	1	1.94896359e+00	(1.09362847e-01 3.40425774e-02 -1.46732709e-12)	0
0.48            	p               	3.30415036e-01	(6.40637625e-01 7.75732234e-02 -3.27702793e-19)	1	1.94684334e+00	(1.09362847e-01 3.40425774e-02 -1.46732709e-12)	0
0.5             	p               	3.35742726e-01	(6.40637625e-01 7.75732234e-02 -3.27702793e-19)	1	1.94546639e+00	(1.09362847e-01 3.40425774e-02 -1.46732709e-12)	0
0.52            	p               	3.41373512e-01	(6.40637625e-01 7.75732234e-02 -3.27702793e-19)	1	1.94638771e+00	(1.09362847e-01 3.40425774e-02 -1.46732709e-12)	0
0.54            	p               	3.39692562e-01	(6.40637625e-01 7.75732234e-02 -3.27702793e-19)	1	1.94833851e+00	(1.09362847e-01 3.40425774e-02 -1.46732709e-12)	0
0.56            	p               	3.39373891e-01	(6.40637625e-01 7.75732234e-02 -3.27702793e-19)	1	1.94972923e+00	(1.09362847e-01 3.40425774e-02 -1.46732709e-12)	0
0.58            	p               	3.45968864e-01	(6.40637625e-01 7.75732234e-02 -3.27702793e-19)	1	1.95097058e+00	(1.09362847e-01 3.40425774e-02 -1.46732709e-12)	0
0.6             	p               	3.51286506e-01	(6.40637625e-01 7.75732234e-02 -3.27702793e-19)	1	1.95104165e+00	(1.09362847e-01 3.40425774e-02 -1.46732709e-12)	0
0.62            	p               	3.52129703e-01	(6.40637625e-01 7.75732234e-02 -3.27702793e-19)	1	1.94946215e+00	(1.09362847e-01 3.40425774e-02 -1.46732709e-12)	0
0.64            	p               	3.54873455e-01	(6.40637625e-01 7.75732234e-02 -3.27702793e-19)	1	1.94806556e+00	(1.09362847e-01 3.40425774e-02 -1.46732709e-12)	0
0.66            	p               	3.59482918e-01	(6.40637625e-01 7.75732234e-02 -3.27702793e-19)	1	1.94796792e+00	(1.09362847e-01 3.40425774e-02 -1.46732709e-12)	0
0.68            	p               	3.63237893e-01	(6.40637625e-01 7.75732234e-02 -3.27702793e-19)	1	1.94820031e+00	(1.09362847e-01 3.40425774e-02 -1.46732709e-12)	0
0.7             	p               	3.68004831e-01	(6.40637625e-01 7.75732234e-02 -3.27702793e-19)	1	1.94701397e+00	(1.09362847e-01 3.40425774e-02 -1.46732709e-12)	0
0.72            	p               	3.73454581e-01	(6.40637625e-01 7.75732234e-02 -3.27702793e-19)	1	1.94515338e+00	(1.09362847e-01 3.40425774e-02 -1.46732709e-12)	0
0.74            	p               	3.73192633e-01	(6.40637625e-01 7.75732234e-02 -3.27702793e-19)	1	1.94637397e+00	(1.09362847e-01 3.40425774e-02 -1.46732709e-12)	0
0.76            	p               	3.74480851e-01	(6.40637625e-01 7.75732234e-02 -3.27702793e-19)	1	1.94933709e+00	(1.09362847e-01 3.40425774e-02 -1.46732709e-12)	0
0.78            	p               	3.81383167e-01	(6.40637625e-01 7.75732234e-02 -3.27702793e-19)	1	1.95051069e+00	(1.09362847e-01 3.40425774e-02 -1.46732709e-12)	0
0.8             	p               	3.88800337e-01	(6.40637625e-01 7.75732234e-02 -3.27702793e-19)	1	1.95116248e+00	(1.09362847e-01 3.40425774e-02 -1.46732709e-12)	0
0.82            	p               	3.85882805e-01	(6.40637625e-01 7.75732234e-02 -3.27702793e-19)	1	1.95080330e+00	(1.09362847e-01 3.40425774e-02 -1.46732709e-12)	0
0.84            	p               	3.85743053e-01	(6.40637625e-01 7.75732234e-02 -3.27702793e-19)	1	1.94889021e+00	(1.09362847e-01 3.40425774e-02 -1.46732709e-12)	0
0.86            	p               	3.91574088e-01	(6.40637625e-01 7.75732234e-02 -3.27702793e-19)	1	1.94741605e+00	(1.09362847e-01 3.40425774e-02 -1.46732709e-12)	0
0.88            	p               	3.95682232e-01	(6.40637625e-01 7.75732234e-02 -3.27702793e-19)	1	1.94759789e+00	(1.09362847e-01 3.40425774e-02 -1.46732709e-12)	0
0.9             	p               	3.93573856e-01	(6.40637625e-01 7.75732234e-02 -3.27702793e-19)	1	1.94870598e+00	(1.09362847e-01 3.40425774e-02 -1.46732709e-12)	0
0.92            	p               	3.94225482e-01	(6.40637625e-01 7.75732234e-02 -3.27702793e-19)	1	1.94861535e+00	(1.09362847e-01 3.40425774e-02 -1.46732709e-12)	0
0.94            	p               	3.97741397e-01	(6.40637625e-01 7.75732234e-02 -3.27702793e-19)	1	1.94645496e+00	(1.09362847e-01 3.40425774e-02 -1.46732709e-12)	0
0.96            	p               	3.97294397e-01	(6.40637625e-01 7.75732234e-02 -3.27702793e-19)	1	1.94551285e+00	(1.09362847e-01 3.40425774e-02 -1.46732709e-12)	0
0.98            	p               	3.95717505e-01	(6.40637625e-01 7.75732234e-02 -3.27702793e-19)	1	1.94767135e+00	(1.09362847e-01 3.40425774e-02 -1.46732709e-12)	0
1               	p               	3.97607159e-01	(6.40637625e-01 7.75732234e-02 -3.27702793e-19)	1	1.94958937e+00	(1.09362847e-01 3.40425774e-02 -1.46732709e-12)	0
1.02            	p               	3.97861625e-01	(6.40637625e-01 7.75732234e-02 -3.27702793e-19)	1	1.95019796e+00	(1.09362847e-01 3.40425774e-02 -1.46732709e-12)	0
1.04            	p               	3.95212684e-01	(6.40637625e-01 7.75732234e-02 -3.27702793e-19)	1	1.95079246e+00	(1.09362847e-01 3.40425774e-02 -1.46732709e-12)	0
1.06            	p               	3.96345476e-01	(6.40637625e-01 7.75732234e-02 -3.27702793e-19)	1	1.95016064e+00	(1.09362847e-01 3.40425774e-02 -1.46732709e-12)	0
1.08            	p               	3.99841503e-01	(6.40637625e-01 7.75732234e-02 -3.27702793e-19)	1	1.94855806e+00	(1.09362847e-01 3.40425774e-02 -1.46732709e-12)	0
1.1             	p               	3.97559176e-01	(6.40637625e-01 7.75732234e-02 -3.27702793e-19)	1	1.94777409e+00	(1.09362847e-01 3.40425774e-02 -1.46732709e-12)	0
1.12            	p               	3.94998164e-01	(6.40637625e-01 7.75732234e-02 -3.27702793e-19)	1	1.94833549e+00	(1.09362847e-01 3.40425774e-02 -1.46732709e-12)	0
1.14            	p               	3.97733342e-01	(6.40637625e-01 7.75732234e-02 -3.27702793e-19)	1	1.94924923e+00	(1.09362847e-01 3.40425774e-02 -1.46732709e-12)	0
1.16            	p               	4.00214929e-01	(6.40637625e-01 7.75732234e-02 -3.27702793e-19)	1	1.94929109e+00	(1.09362847e-01 3.40425774e-02 -1.46732709e-12)	0
1.18            	p               	3.96456758e-01	(6.40637625e-01 7.75732234e-02 -3.27702793e-19)	1	1.94761425e+00	(1.09362847e-01 3.40425774e-02 -1.46732709e-12)	0
1.2             	p               	3.94856843e-01	(6.40637625e-01 7.75732234e-02 -3.27702793e-19)	1	1.94518606e+00	(1.09362847e-01 3.40425774e-02 -1.46732709e-12)	0
1.22            	p               	3.97644499e-01	(6.40637625e-01 7.75732234e-02 -3.27702793e-19)	1	1.94562763e+00	(1.09362847e-01 3.40425774e-02 -1.46732709e-12)	0
1.24            	p               	3.99040239e-01	(6.40637625e-01 7.75732234e-02 -3.27702793e-19)	1	1.94869243e+00	(1.09362847e-01 3.40425774e-02 -1.46732709e-12)	0
1.26            	p               	3.95663068e-01	(6.40637625e-01 7.75732234e-02 -3.27702793e-19)	1	1.95004282e+00	(1.09362847e-01 3.40425774e-02 -1.46732709e-12)	0
1.28            	p               	3.94238542e-01	(6.40637625e-01 7.75732234e-02 -3.27702793e-19)	1	1.95028015e+00	(1.09362847e-01 3.40425774e-02 -1.46732709e-12)	0
1.3             	p               	3.96103185e-01	(6.40637625e-01 7.75732234e-02 -3.27702793e-19)	1	1.95076835e+00	(1.09362847e-01 3.40425774e-02 -1.46732709e-12)	0
1.32            	p               	3.98861887e-01	(6.40637625e-01 7.75732234e-02 -3.27702793e-19)	1	1.94978781e+00	(1.09362847e-01 3.40425774e-02 -1.46732709e-12)	0
1.34            	p               	3.98309691e-01	(6.40637625e-01 7.75732234e-02 -3.27702793e-19)	1	1.94809391e+00	(1.09362847e-01 3.40425774e-02 -1.46732709e-12)	0
1.36            	p               	3.95789378e-01	(6.40637625e-01 7.75732234e-02 -3.27702793e-19)	1	1.94758279e+00	(1.09362847e-01 3.40425774e-02 -1.46732709e-12)	0
1.38            	p               	3.95749292e-01	(6.40637625e-01 7.75732234e-02 -3.27702793e-19)	1	1.94848371e+00	(1.09362847e-01 3.40425774e-02 -1.46732709e-12)	0
1.4             	p               	3.99180099e-01	(6.40637625e-01 7.75732234e-02 -3.27702793e-19)	1	1.94935909e+00	(1.09362847e-01 3.40425774e-02 -1.46732709e-12)	0
1.42            	p               	4.00057645e-01	(6.40637625e-01 7.75732234e-02 -3.27702793e-19)	1	1.94861768e+00	(1.09362847e-01 3.40425774e-02 -1.46732709e-12)	0
1.44            	p               	3.95809843e-01	(6.40637625e-01 7.75732234e-02 -3.27702793e-19)	1	1.94612136e+00	(1.09362847e-01 3.40425774e-02 -1.46732709e-12)	0
1.46            	p               	3.95281571e-01	(6.40637625e-01 7.75732234e-02 -3.27702793e-19)	1	1.94502912e+00	(1.09362847e-01 3.40425774e-02 -1.46732709e-12)	0
1.48            	p               	3.99283417e-01	(6.40637625e-01 7.75732234e-02 -3.27702793e-19)	1	1.94746074e+00	(1.09362847e-01 3.40425774e-02 -1.46732709e-12)	0
1.5             	p               	3.99038395e-01	(6.40637625e-01 7.75732234e-02 -3.27702793e-19)	1	1.94982245e+00	(1.09362847e-01 3.40425774e-02 -1.46732709e-12)	0
1.52            	p               	3.94266950e-01	(6.40637625e-01 7.75732234e-02 -3.27702793e-19)	1	1.95040551e+00	(1.09362847e-01 3.40425774e-02 -1.46732709e-12)	0
1.54            	p               	3.95372410e-01	(6.40637625e-01 7.75732234e-02 -3.27702793e-19)	1	1.95087327e+00	(1.09362847e-01 3.40425774e-02 -1.46732709e-12)	0
1.56            	p               	3.99968658e-01	(6.40637625e-01 7.75732234e-02 -3.27702793e-19)	1	1.95019763e+00	(1.09362847e-01 3.40425774e-02 -1.46732709e-12)	0
1.58            	p               	3.97548454e-01	(6.40637625e-01 7.75732234e-02 -3.27702793e-19)	1	1.94846419e+00	(1.09362847e-01 3.40425774e-02 -1.46732709e-12)	0
1.6             	p               	3.94396169e-01	(6.40637625e-01 7.75732234e-02 -3.27702793e-19)	1	1.94752219e+00	(1.09362847e-01 3.40425774e-02 -1.46732709e-12)	0
1.62            	p               	3.98002093e-01	(6.40637625e-01 7.75732234e-02 -3.27702793e-19)	1	1.94812904e+00	(1.09362847e-01 3.40425774e-02 -1.46732709e-12)	0
1.64            	p               	4.00955954e-01	(6.40637625e-01 7.75732234e-02 -3.27702793e-19)	1	1.94925631e+00	(1.09362847e-01 3.40425774e-02 -1.46732709e-12)	0
1.66            	p               	3.96162505e-01	(6.40637625e-01 7.75732234e-02 -3.27702793e-19)	1	1.94919373e+00	(1.09362847e-01 3.40425774e-02 -1.46732709e-12)	0
1.68            	p               	3.94863268e-01	(6.40637625e-01 7.75732234e-02 -3.27702793e-19)	1	1.94707011e+00	(1.09362847e-01 3.40425774e-02 -1.46732709e-12)	0
1.7             	p               	3.99960704e-01	(6.40637625e-01 7.75732234e-02 -3.27702793e-19)	1	1.94491621e+00	(1.09362847e-01 3.40425774e-02 -1.46732709e-12)	0
1.72            	p               	3.99035724e-01	(6.09387686e-01 8.30145538e-02 2.29492899e-19)	1	1.94625847e+00	(1.09362847e-01 3.40425774e-02 -1.46732709e-12)	0
1.74            	p               	3.94898956e-01	(6.40637625e-01 7.75732234e-02 -3.27702793e-19)	1	1.94928053e+00	(1.09362847e-01 3.40425774e-02 -1.46732709e-12)	0
1.76            	p               	3.94375112e-01	(6.40637625e-01 7.75732234e-02 -3.27702793e-19)	1	1.95030560e+00	(1.09362847e-01 3.40425774e-02 -1.46732709e-12)	0
1.78            	p               	3.99854747e-01	(6.40637625e-01 7.75732234e-02 -3.27702793e-19)	1	1.95068718e+00	(1.09362847e-01 3.40425774e-02 -1.46732709e-12)	0
1.8             	p               	3.98046023e-01	(6.09387686e-01 8.30145538e-02 2.29492899e-19)	1	1.95059833e+00	(1.09362847e-01 3.40425774e-02 -1.46732709e-12)	0
1.82            	p               	3.95043508e-01	(6.40637625e-01 7.75732234e-02 -3.27702793e-19)	1	1.94911418e+00	(1.09362847e-01 3.40425774e-02 -1.46732709e-12)	0
1.84            	p               	3.94741604e-01	(6.40637625e-01 7.75732234e-02 -3.27702793e-19)	1	1.94773518e+00	(1.09362847e-01 3.40425774e-02 -1.46732709e-12)	0
1.86            	p               	3.99935442e-01	(6.40637625e-01 7.75732234e-02 -3.27702793e-19)	1	1.94780522e+00	(1.09362847e-01 3.40425774e-02 -1.46732709e-12)	0
1.88            	p               	3.99133219e-01	(6.09387686e-01 8.30145538e-02 2.29492899e-19)	1	1.94888189e+00	(1.09362847e-01 3.40425774e-02 -1.46732709e-12)	0
1.9             	p               	3.96008852e-01	(6.40637625e-01 7.75732234e-02 -3.27702793e-19)	1	1.94936895e+00	(1.09362847e-01 3.40425774e-02 -1.46732709e-12)	0
1.92            	p               	3.94766145e-01	(6.40637625e-01 7.75732234e-02 -3.27702793e-19)	1	1.94794070e+00	(1.09362847e-01 3.40425774e-02 -1.46732709e-12)	0
1.94            	p               	3.98513291e-01	(6.40637625e-01 7.75732234e-02 -3.27702793e-19)	1	1.94536571e+00	(1.09362847e-01 3.40425774e-02 -1.46732709e-12)	0
1.96            	p               	4.01213329e-01	(6.40637625e-01 7.75732234e-02 -3.27702793e-19)	1	1.94537514e+00	(1.09362847e-01 3.40425774e-02 -1.46732709e-12)	0
1.98            	p               	3.96351799e-01	(6.09387686e-01 8.30145538e-02 2.29492899e-19)	1	1.94841509e+00	(1.09362847e-01 3.40425774e-02 -1.46732709e-12)	0
2               	p               	3.94398591e-01	(6.40637625e-01 7.75732234e-02 -3.27702793e-19)	1	1.95012769e+00	(1.09362847e-01 3.40425774e-02 -1.46732709e-12)	0
2.02            	p               	3.96123905e-01	(6.40637625e-01 7.75732234e-02 -3.27702793e-19)	1	1.95044345e+00	(1.09362847e-01 3.40425774e-02 -1.46732709e-12)	0
2.04            	p               	4.00145977e-01	(6.40637625e-01 7.75732234e-02 -3.27702793e-19)	1	1.95079221e+00	(1.09362847e-01 3.40425774e-02 -1.46732709e-12)	0
2.06            	p               	3.97422842e-01	(6.09387686e-01 8.30145538e-02 2.29492899e-19)	1	1.94977871e+00	(1.09362847e-01 3.40425774e-02 -1.46732709e-12)	0
2.08            	p               	3.95160195e-01	(6.40637625e-01 7.75732234e-02 -3.27702793e-19)	1	1.94811252e+00	(1.09362847e-01 3.40425774e-02 -1.46732709e-12)	0
2.1             	p               	3.95282823e-01	(6.40637625e-01 7.75732234e-02 -3.27702793e-19)	1	1.94758781e+00	(1.09362847e-01 3.40425774e-02 -1.46732709e-12)	0
2.12            	p               	4.00230947e-01	(6.40637625e-01 7.75732234e-02 -3.27702793e-19)	1	1.94845863e+00	(1.09362847e-01 3.40425774e-02 -1.46732709e-12)	0
2.14            	p               	3.98618026e-01	(6.09387686e-01 8.30145538e-02 2.29492899e-19)	1	1.94936355e+00	(1.09362847e-01 3.40425774e-02 -1.46732709e-12)	0
2.16            	p               	3.95653832e-01	(6.40637625e-01 7.75732234e-02 -3.27702793e-19)	1	1.94872576e+00	(1.09362847e-01 3.40425774e-02 -1.46732709e-12)	0
2.18            	p               	3.94942029e-01	(6.40637625e-01 7.75732234e-02 -3.27702793e-19)	1	1.94624551e+00	(1.09362847e-01 3.40425774e-02 -1.46732709e-12)	0
2.2             	p               	4.00351037e-01	(6.40637625e-01 7.75732234e-02 -3.27702793e-19)	1	1.94488111e+00	(1.09362847e-01 3.40425774e-02 -1.46732709e-12)	0
2.22            	p               	3.98801395e-01	(6.09387686e-01 8.30145538e-02 2.29492899e-19)	1	1.94722391e+00	(1.09362847e-01 3.40425774e-02 -1.46732709e-12)	0
2.24            	p               	3.94662967e-01	(6.40637625e-01 7.75732234e-02 -3.27702793e-19)	1	1.94982544e+00	(1.09362847e-01 3.40425774e-02 -1.46732709e-12)	0
2.26            	p               	3.94350040e-01	(6.40637625e-01 7.75732234e-02 -3.27702793e-19)	1	1.95038957e+00	(1.09362847e-01 3.40425774e-02 -1.46732709e-12)	0
2.28            	p               	4.00197613e-01	(6.40637625e-01 7.75732234e-02 -3.27702793e-19)	1	1.95079294e+00	(1.09362847e-01 3.40425774e-02 -1.46732709e-12)	0
2.3             	p               	3.98970742e-01	(6.09387686e-01 8.30145538e-02 2.29492899e-19)	1	1.95027855e+00	(1.09362847e-01 3.40425774e-02 -1.46732709e-12)	0
2.32            	p               	3.94232733e-01	(6.40637625e-01 7.75732234e-02 -3.27702793e-19)	1	1.94860726e+00	(1.09362847e-01 3.40425774e-02 -1.46732709e-12)	0
2.34            	p               	3.95820104e-01	(6.40637625e-01 7.75732234e-02 -3.27702793e-19)	1	1.94757164e+00	(1.09362847e-01 3.40425774e-02 -1.46732709e-12)	0
2.36            	p               	4.01202260e-01	(6.40637625e-01 7.75732234e-02 -3.27702793e-19)	1	1.94806377e+00	(1.09362847e-01 3.40425774e-02 -1.46732709e-12)	0
2.38            	p               	3.98122934e-01	(6.40637625e-01 7.75732234e-02 -3.27702793e-19)	1	1.94916671e+00	(1.09362847e-01 3.40425774e-02 -1.46732709e-12)	0
2.4             	p               	3.94464752e-01	(6.40637625e-01 7.75732234e-02 -3.27702793e-19)	1	1.94920962e+00	(1.09362847e-01 3.40425774e-02 -1.46732709e-12)	0
2.42            	p               	3.97933167e-01	(6.40637625e-01 7.75732234e-02 -3.27702793e-19)	1	1.94721366e+00	(1.09362847e-01 3.40425774e-02 -1.46732709e-12)	0
2.44            	p               	4.00577952e-01	(6.40637625e-01 7.75732234e-02 -3.27702793e-19)	1	1.94495105e+00	(1.09362847e-01 3.40425774e-02 -1.46732709e-12)	0
2.46            	p               	3.95691877e-01	(6.40637625e-01 7.75732234e-02 -3.27702793e-19)	1	1.94608684e+00	(1.09362847e-01 3.40425774e-02 -1.46732709e-12)	0
2.48            	p               	3.95006107e-01	(6.40637625e-01 7.75732234e-02 -3.27702793e-19)	1	1.94917062e+00	(1.09362847e-01 3.40425774e-02 -1.46732709e-12)	0
2.5             	p               	3.99756418e-01	(6.40637625e-01 7.75732234e-02 -3.27702793e-19)	1	1.95027364e+00	(1.09362847e-01 3.40425774e-02 -1.46732709e-12)	0
2.52            	p               	3.98110058e-01	(6.40637625e-01 7.75732234e-02 -3.27702793e-19)	1	1.95062635e+00	(1.09362847e-01 3.40425774e-02 -1.46732709e-12)	0
2.54            	p               	3.93876253e-01	(6.40637625e-01 7.75732234e-02 -3.27702793e-19)	1	1.95065444e+00	(1.09362847e-01 3.40425774e-02 -1.46732709e-12)	0
2.56            	p               	3.96833704e-01	(6.40637625e-01 7.75732234e-02 -3.27702793e-19)	1	1.94924461e+00	(1.09362847e-01 3.40425774e-02 -1.46732709e-12)	0
2.58            	p               	4.02085268e-01	(6.40637625e-01 7.75732234e-02 -3.27702793e-19)	1	1.94778667e+00	(1.09362847e-01 3.40425774e-02 -1.46732709e-12)	0
2.6             	p               	3.97391086e-01	(6.40637625e-01 7.75732234e-02 -3.27702793e-19)	1	1.94774400e+00	(1.09362847e-01 3.40425774e-02 -1.46732709e-12)	0
2.62            	p               	3.94025007e-01	(6.40637625e-01 7.75732234e-02 -3.27702793e-19)	1	1.94880299e+00	(1.09362847e-01 3.40425774e-02 -1.46732709e-12)	0
2.64            	p               	3.98225969e-01	(6.40637625e-01 7.75732234e-02 -3.27702793e-19)	1	1.94939108e+00	(1.09362847e-01 3.40425774e-02 -1.46732709e-12)	0
2.66            	p               	4.01351654e-01	(6.09387686e-01 8.30145538e-02 2.29492899e-19)	1	1.94811642e+00	(1.09362847e-01 3.40425774e-02 -1.46732709e-12)	0
2.68            	p               	3.95828061e-01	(6.09387686e-01 8.30145538e-02 2.29492899e-19)	1	1.94551348e+00	(1.09362847e-01 3.40425774e-02 -1.46732709e-12)	0
2.7             	p               	3.93836216e-01	(6.40637625e-01 7.75732234e-02 -3.27702793e-19)	1	1.94523219e+00	(1.09362847e-01 3.40425774e-02 -1.46732709e-12)	0
2.72            	p               	3.97346783e-01	(6.40637625e-01 7.75732234e-02 -3.27702793e-19)	1	1.94820070e+00	(1.09362847e-01 3.40425774e-02 -1.46732709e-12)	0
2.74            	p               	4.02067376e-01	(6.09387686e-01 8.30145538e-02 2.29492899e-19)	1	1.95011541e+00	(1.09362847e-01 3.40425774e-02 -1.46732709e-12)	0
2.76            	p               	3.94106751e-01	(6.09387686e-01 8.30145538e-02 2.29492899e-19)	1	1.95046813e+00	(1.09362847e-01 3.40425774e-02 -1.46732709e-12)	0
2.78            	p               	3.93151736e-01	(6.40637625e-01 7.75732234e-02 -3.27702793e-19)	1	1.95081333e+00	(1.09362847e-01 3.40425774e-02 -1.46732709e-12)	0
2.8             	p               	3.95746410e-01	(6.40637625e-01 7.75732234e-02 -3.27702793e-19)	1	1.94985371e+00	(1.09362847e-01 3.40425774e-02 -1.46732709e-12)	0
2.82            	p               	4.02446103e-01	(6.40637625e-01 7.75732234e-02 -3.27702793e-19)	1	1.94816872e+00	(1.09362847e-01 3.40425774e-02 -1.46732709e-12)	0
2.84            	p               	3.95867084e-01	(6.09387686e-01 8.30145538e-02 2.29492899e-19)	1	1.94756117e+00	(1.09362847e-01 3.40425774e-02 -1.46732709e-12)	0
2.86            	p               	3.94628525e-01	(6.40637625e-01 7.75732234e-02 -3.27702793e-19)	1	1.94839151e+00	(1.09362847e-01 3.40425774e-02 -1.46732709e-12)	0
2.88            	p               	3.94914013e-01	(6.40637625e-01 7.75732234e-02 -3.27702793e-19)	1	1.94935432e+00	(1.09362847e-01 3.40425774e-02 -1.46732709e-12)	0
2.9             	p               	4.00231284e-01	(6.40637625e-01 7.75732234e-02 -3.27702793e-19)	1	1.94882762e+00	(1.09362847e-01 3.40425774e-02 -1.46732709e-12)	0
2.92            	p               	3.98787374e-01	(6.09387686e-01 8.30145538e-02 2.29492899e-19)	1	1.94639112e+00	(1.09362847e-01 3.40425774e-02 -1.46732709e-12)	0
2.94            	p               	3.95062534e-01	(6.09387686e-01 8.30145538e-02 2.29492899e-19)	1	1.94485772e+00	(1.09362847e-01 3.40425774e-02 -1.46732709e-12)	0
2.96            	p               	3.93802364e-01	(6.40637625e-01 7.75732234e-02 -3.27702793e-19)	1	1.94704655e+00	(1.09362847e-01 3.40425774e-02 -1.46732709e-12)	0
2.98            	p               	3.96926513e-01	(6.40637625e-01 7.75732234e-02 -3.27702793e-19)	1	1.94976088e+00	(1.09362847e-01 3.40425774e-02 -1.46732709e-12)	0
3               	p               	4.02461471e-01	(6.40637625e-01 7.75732234e-02 -3.27702793e-19)	1	1.95041033e+00	(1.09362847e-01 3.40425774e-02 -1.46732709e-12)	0
3.02            	p               	3.94222430e-01	(6.09387686e-01 8.30145538e-02 2.29492899e-19)	1	1.95079920e+00	(1.09362847e-01 3.40425774e-02 -1.46732709e-12)	0
3.04            	p               	3.93905396e-01	(6.40637625e-01 7.75732234e-02 -3.27702793e-19)	1	1.95032232e+00	(1.09362847e-01 3.40425774e-02 -1.46732709e-12)	0
3.06            	p               	3.95109853e-01	(6.40637625e-01 7.75732234e-02 -3.27702793e-19)	1	1.94866509e+00	(1.09362847e-01 3.40425774e-02 -1.46732709e-12)	0
3.08            	p               	4.00785162e-01	(6.40637625e-01 7.75732234e-02 -3.27702793e-19)	1	1.94758209e+00	(1.09362847e-01 3.40425774e-02 -1.46732709e-12)	0
3.1             	p               	3.97829149e-01	(6.09387686e-01 8.30145538e-02 2.29492899e-19)	1	1.94802164e+00	(1.09362847e-01 3.40425774e-02 -1.46732709e-12)	0
3.12            	p               	3.95854467e-01	(6.09387686e-01 8.30145538e-02 2.29492899e-19)	1	1.94913142e+00	(1.09362847e-01 3.40425774e-02 -1.46732709e-12)	0
3.14            	p               	3.94361368e-01	(6.40637625e-01 7.75732234e-02 -3.27702793e-19)	1	1.94923772e+00	(1.09362847e-01 3.40425774e-02 -1.46732709e-12)	0
3.16            	p               	3.97829745e-01	(6.40637625e-01 7.75732234e-02 -3.27702793e-19)	1	1.94730362e+00	(1.09362847e-01 3.40425774e-02 -1.46732709e-12)	0
3.18            	p               	4.03119600e-01	(6.40637625e-01 7.75732234e-02 -3.27702793e-19)	1	1.94499178e+00	(1.09362847e-01 3.40425774e-02 -1.46732709e-12)	0
3.2             	p               	3.94262430e-01	(6.09387686e-01 8.30145538e-02 2.29492899e-19)	1	1.94600002e+00	(1.09362847e-01 3.40425774e-02 -1.46732709e-12)	0
3.22            	p               	3.93763969e-01	(6.40637625e-01 7.75732234e-02 -3.27702793e-19)	1	1.94908541e+00	(1.09362847e-01 3.40425774e-02 -1.46732709e-12)	0
3.24            	p               	3.94770914e-01	(6.40637625e-01 7.75732234e-02 -3.27702793e-19)	1	1.95025264e+00	(1.09362847e-01 3.40425774e-02 -1.46732709e-12)	0
3.26            	p               	4.00301764e-01	(6.40637625e-01 7.75732234e-02 -3.27702793e-19)	1	1.95061544e+00	(1.09362847e-01 3.40425774e-02 -1.46732709e-12)	0
3.28            	p               	3.97237520e-01	(6.09387686e-01 8.30145538e-02 2.29492899e-19)	1	1.95068896e+00	(1.09362847e-01 3.40425774e-02 -1.46732709e-12)	0
3.3             	p               	3.95653348e-01	(6.40637625e-01 7.75732234e-02 -3.27702793e-19)	1	1.94930367e+00	(1.09362847e-01 3.40425774e-02 -1.46732709e-12)	0
3.32            	p               	3.94285100e-01	(6.40637625e-01 7.75732234e-02 -3.27702793e-19)	1	1.94780644e+00	(1.09362847e-01 3.40425774e-02 -1.46732709e-12)	0
3.34            	p               	3.97673684e-01	(6.40637625e-01 7.75732234e-02 -3.27702793e-19)	1	1.94771122e+00	(1.09362847e-01 3.40425774e-02 -1.46732709e-12)	0
3.36            	p               	4.02984654e-01	(6.40637625e-01 7.75732234e-02 -3.27702793e-19)	1	1.94876619e+00	(1.09362847e-01 3.40425774e-02 -1.46732709e-12)	0
3.38            	p               	3.94569184e-01	(6.09387686e-01 8.30145538e-02 2.29492899e-19)	1	1.94940554e+00	(1.09362847e-01 3.40425774e-02 -1.46732709e-12)	0
3.4             	p               	3.94354268e-01	(6.40637625e-01 7.75732234e-02 -3.27702793e-19)	1	1.94820022e+00	(1.09362847e-01 3.40425774e-02 -1.46732709e-12)	0
3.42            	p               	3.95316428e-01	(6.40637625e-01 7.75732234e-02 -3.27702793e-19)	1	1.94558788e+00	(1.09362847e-01 3.40425774e-02 -1.46732709e-12)	0
3.44            	p               	4.00527021e-01	(6.40637625e-01 7.75732234e-02 -3.27702793e-19)	1	1.94517510e+00	(1.09362847e-01 3.40425774e-02 -1.46732709e-12)	0
3.46            	p               	3.97527260e-01	(6.09387686e-01 8.30145538e-02 2.29492899e-19)	1	1.94810126e+00	(1.09362847e-01 3.40425774e-02 -1.46732709e-12)	0
3.48            	p               	3.94649348e-01	(6.09387686e-01 8.30145538e-02 2.29492899e-19)	1	1.95012275e+00	(1.09362847e-01 3.40425774e-02 -1.46732709e-12)	0
3.5             	p               	3.93588766e-01	(6.40637625e-01 7.75732234e-02 -3.27702793e-19)	1	1.95051827e+00	(1.09362847e-01 3.40425774e-02 -1.46732709e-12)	0
3.52            	p               	3.96604398e-01	(6.40637625e-01 7.75732234e-02 -3.27702793e-19)	1	1.95083247e+00	(1.09362847e-01 3.40425774e-02 -1.46732709e-12)	0
3.54            	p               	4.02173470e-01	(6.40637625e-01 7.75732234e-02 -3.27702793e-19)	1	1.94985804e+00	(1.09362847e-01 3.40425774e-02 -1.46732709e-12)	0
3.56            	p               	3.95073681e-01	(6.09387686e-01 8.30145538e-02 2.29492899e-19)	1	1.94816876e+00	(1.09362847e-01 3.40425774e-02 -1.46732709e-12)	0
3.58            	p               	3.94874220e-01	(6.40637625e-01 7.75732234e-02 -3.27702793e-19)	1	1.94754641e+00	(1.09362847e-01 3.40425774e-02 -1.46732709e-12)	0
3.6             	p               	3.95138804e-01	(6.40637625e-01 7.75732234e-02 -3.27702793e-19)	1	1.94837317e+00	(1.09362847e-01 3.40425774e-02 -1.46732709e-12)	0
3.62            	p               	3.99449798e-01	(6.40637625e-01 7.75732234e-02 -3.27702793e-19)	1	1.94936129e+00	(1.09362847e-01 3.40425774e-02 -1.46732709e-12)	0
3.64            	p               	3.99666843e-01	(6.09387686e-01 8.30145538e-02 2.29492899e-19)	1	1.94886607e+00	(1.09362847e-01 3.40425774e-02 -1.46732709e-12)	0
3.66            	p               	3.94441940e-01	(6.09387686e-01 8.30145538e-02 2.29492899e-19)	1	1.94643602e+00	(1.09362847e-01 3.40425774e-02 -1.46732709e-12)	0
3.68            	p               	3.94400708e-01	(6.40637625e-01 7.75732234e-02 -3.27702793e-19)	1	1.94484753e+00	(1.09362847e-01 3.40425774e-02 -1.46732709e-12)	0
3.7             	p               	3.95975590e-01	(6.40637625e-01 7.75732234e-02 -3.27702793e-19)	1	1.94698719e+00	(1.09362847e-01 3.40425774e-02 -1.46732709e-12)	0
3.72            	p               	4.00752371e-01	(6.40637625e-01 7.75732234e-02 -3.27702793e-19)	1	1.94973640e+00	(1.09362847e-01 3.40425774e-02 -1.46732709e-12)	0
3.74            	p               	3.95526003e-01	(6.09387686e-01 8.30145538e-02 2.29492899e-19)	1	1.95040602e+00	(1.09362847e-01 3.40425774e-02 -1.46732709e-12)	0
3.76            	p               	3.95018506e-01	(6.40637625e-01 7.75732234e-02 -3.27702793e-19)	1	1.95078932e+00	(1.09362847e-01 3.40425774e-02 -1.46732709e-12)	0
3.78            	p               	3.94278642e-01	(6.40637625e-01 7.75732234e-02 -3.27702793e-19)	1	1.95033999e+00	(1.09362847e-01 3.40425774e-02 -1.46732709e-12)	0
3.8             	p               	3.97321482e-01	(6.40637625e-01 7.75732234e-02 -3.27702793e-19)	1	1.94869649e+00	(1.09362847e-01 3.40425774e-02 -1.46732709e-12)	0
3.82            	p               	4.02181226e-01	(6.40637625e-01 7.75732234e-02 -3.27702793e-19)	1	1.94759603e+00	(1.09362847e-01 3.40425774e-02 -1.46732709e-12)	0
3.84            	p               	3.94691117e-01	(6.09387686e-01 8.30145538e-02 2.29492899e-19)	1	1.94801039e+00	(1.09362847e-01 3.40425774e-02 -1.46732709e-12)	0
3.86            	p               	3.95117031e-01	(6.40637625e-01 7.75732234e-02 -3.27702793e-19)	1	1.94911422e+00	(1.09362847e-01 3.40425774e-02 -1.46732709e-12)	0
3.88            	p               	3.95197394e-01	(6.40637625e-01 7.75732234e-02 -3.27702793e-19)	1	1.94924863e+00	(1.09362847e-01 3.40425774e-02 -1.46732709e-12)	0
3.9             	p               	3.98850135e-01	(6.40637625e-01 7.75732234e-02 -3.27702793e-19)	1	1.94735412e+00	(1.09362847e-01 3.40425774e-02 -1.46732709e-12)	0
3.92            	p               	4.00244490e-01	(6.09387686e-01 8.30145538e-02 2.29492899e-19)	1	1.94500859e+00	(1.09362847e-01 3.40425774e-02 -1.46732709e-12)	0
3.94            	p               	3.93869964e-01	(6.09387686e-01 8.30145538e-02 2.29492899e-19)	1	1.94593796e+00	(1.09362847e-01 3.40425774e-02 -1.46732709e-12)	0
3.96            	p               	3.94171085e-01	(6.40637625e-01 7.75732234e-02 -3.27702793e-19)	1	1.94904115e+00	(1.09362847e-01 3.40425774e-02 -1.46732709e-12)	0
3.98            	p               	3.94920657e-01	(6.40637625e-01 7.75732234e-02 -3.27702793e-19)	1	1.95025194e+00	(1.09362847e-01 3.40425774e-02 -1.46732709e-12)	0
4               	p               	3.99297529e-01	(6.40637625e-01 7.75732234e-02 -3.27702793e-19)	1	1.95061044e+00	(1.09362847e-01 3.40425774e-02 -1.46732709e-12)	0
4.02            	p               	3.97725521e-01	(6.09387686e-01 8.30145538e-02 2.29492899e-19)	1	1.95070635e+00	(1.09362847e-01 3.40425774e-02 -1.46732709e-12)	0
4.04            	p               	3.94632775e-01	(6.09387686e-01 8.30145538e-02 2.29492899e-19)	1	1.94933619e+00	(1.09362847e-01 3.40425774e-02 -1.46732709e-12)	0
4.06            	p               	3.94606378e-01	(6.40637625e-01 7.75732234e-02 -3.27702793e-19)	1	1.94781509e+00	(1.09362847e-01 3.40425774e-02 -1.46732709e-12)	0
4.08            	p               	3.96035448e-01	(6.40637625e-01 7.75732234e-02 -3.27702793e-19)	1	1.94768924e+00	(1.09362847e-01 3.40425774e-02 -1.46732709e-12)	0
4.1             	p               	4.00780308e-01	(6.40637625e-01 7.75732234e-02 -3.27702793e-19)	1	1.94874564e+00	(1.09362847e-01 3.40425774e-02 -1.46732709e-12)	0
4.12            	p               	3.96404413e-01	(6.09387686e-01 8.30145538e-02 2.29492899e-19)	1	1.94942065e+00	(1.09362847e-01 3.40425774e-02 -1.46732709e-12)	0
4.14            	p               	3.95281385e-01	(6.09387686e-01 8.30145538e-02 2.29492899e-19)	1	1.94826480e+00	(1.09362847e-01 3.40425774e-02 -1.46732709e-12)	0
4.16            	p               	3.94686373e-01	(6.40637625e-01 7.75732234e-02 -3.27702793e-19)	1	1.94564426e+00	(1.09362847e-01 3.40425774e-02 -1.46732709e-12)	0
4.18            	p               	3.96484555e-01	(6.40637625e-01 7.75732234e-02 -3.27702793e-19)	1	1.94512637e+00	(1.09362847e-01 3.40425774e-02 -1.46732709e-12)	0
4.2             	p               	4.00866299e-01	(6.40637625e-01 7.75732234e-02 -3.27702793e-19)	1	1.94802341e+00	(1.09362847e-01 3.40425774e-02 -1.46732709e-12)	0
4.22            	p               	3.94653597e-01	(6.09387686e-01 8.30145538e-02 2.29492899e-19)	1	1.95014140e+00	(1.09362847e-01 3.40425774e-02 -1.46732709e-12)	0
4.24            	p               	3.95075503e-01	(6.40637625e-01 7.75732234e-02 -3.27702793e-19)	1	1.95057630e+00	(1.09362847e-01 3.40425774e-02 -1.46732709e-12)	0
4.26            	p               	3.94268179e-01	(6.40637625e-01 7.75732234e-02 -3.27702793e-19)	1	1.95084877e+00	(1.09362847e-01 3.40425774e-02 -1.46732709e-12)	0
4.28            	p               	3.96471812e-01	(6.40637625e-01 7.75732234e-02 -3.27702793e-19)	1	1.94984671e+00	(1.09362847e-01 3.40425774e-02 -1.46732709e-12)	0
4.3             	p               	4.01155072e-01	(6.40637625e-01 7.75732234e-02 -3.27702793e-19)	1	1.94815807e+00	(1.09362847e-01 3.40425774e-02 -1.46732709e-12)	0
4.32            	p               	3.95056456e-01	(6.09387686e-01 8.30145538e-02 2.29492899e-19)	1	1.94753553e+00	(1.09362847e-01 3.40425774e-02 -1.46732709e-12)	0
4.34            	p               	3.95832233e-01	(6.40637625e-01 7.75732234e-02 -3.27702793e-19)	1	1.94836582e+00	(1.09362847e-01 3.40425774e-02 -1.46732709e-12)	0
4.36            	p               	3.95126718e-01	(6.40637625e-01 7.75732234e-02 -3.27702793e-19)	1	1.94937310e+00	(1.09362847e-01 3.40425774e-02 -1.46732709e-12)	0
4.38            	p               	3.97054307e-01	(6.40637625e-01 7.75732234e-02 -3.27702793e-19)	1	1.94890433e+00	(1.09362847e-01 3.40425774e-02 -1.46732709e-12)	0
4.4             	p               	4.01420987e-01	(6.40637625e-01 7.75732234e-02 -3.27702793e-19)	1	1.94648269e+00	(1.09362847e-01 3.40425774e-02 -1.46732709e-12)	0
4.42            	p               	3.94452382e-01	(6.09387686e-01 8.30145538e-02 2.29492899e-19)	1	1.94483345e+00	(1.09362847e-01 3.40425774e-02 -1.46732709e-12)	0
4.44            	p               	3.95226229e-01	(6.40637625e-01 7.75732234e-02 -3.27702793e-19)	1	1.94691825e+00	(1.09362847e-01 3.40425774e-02 -1.46732709e-12)	0
4.46            	p               	3.94461548e-01	(6.40637625e-01 7.75732234e-02 -3.27702793e-19)	1	1.94970891e+00	(1.09362847e-01 3.40425774e-02 -1.46732709e-12)	0
4.48            	p               	3.96522400e-01	(6.40637625e-01 7.75732234e-02 -3.27702793e-19)	1	1.95040107e+00	(1.09362847e-01 3.40425774e-02 -1.46732709e-12)	0
4.5             	p               	4.00968897e-01	(6.40637625e-01 7.75732234e-02 -3.27702793e-19)	1	1.95078018e+00	(1.09362847e-01 3.40425774e-02 -1.46732709e-12)	0
4.52            	p               	3.94174232e-01	(6.09387686e-01 8.30145538e-02 2.29492899e-19)	1	1.95036299e+00	(1.09362847e-01 3.40425774e-02 -1.46732709e-12)	0
4.54            	p               	3.95280198e-01	(6.40637625e-01 7.75732234e-02 -3.27702793e-19)	1	1.94873052e+00	(1.09362847e-01 3.40425774e-02 -1.46732709e-12)	0
4.56            	p               	3.94971702e-01	(6.40637625e-01 7.75732234e-02 -3.27702793e-19)	1	1.94760559e+00	(1.09362847e-01 3.40425774e-02 -1.46732709e-12)	0
4.58            	p               	3.97530518e-01	(6.40637625e-01 7.75732234e-02 -3.27702793e-19)	1	1.94799307e+00	(1.09362847e-01 3.40425774e-02 -1.46732709e-12)	0
4.6             	p               	4.01916934e-01	(6.40637625e-01 7.75732234e-02 -3.27702793e-19)	1	1.94909498e+00	(1.09362847e-01 3.40425774e-02 -1.46732709e-12)	0
4.62            	p               	3.93887116e-01	(6.09387686e-01 8.30145538e-02 2.29492899e-19)	1	1.94925143e+00	(1.09362847e-01 3.40425774e-02 -1.46732709e-12)	0
4.64            	p               	3.94994259e-01	(6.40637625e-01 7.75732234e-02 -3.27702793e-19)	1	1.94737945e+00	(1.09362847e-01 3.40425774e-02 -1.46732709e-12)	0
4.66            	p               	3.95102462e-01	(6.40637625e-01 7.75732234e-02 -3.27702793e-19)	1	1.94501972e+00	(1.09362847e-01 3.40425774e-02 -1.46732709e-12)	0
4.68            	p               	3.97929259e-01	(6.40637625e-01 7.75732234e-02 -3.27702793e-19)	1	1.94591339e+00	(1.09362847e-01 3.40425774e-02 -1.46732709e-12)	0
4.7             	p               	4.01595270e-01	(6.40637625e-01 7.75732234e-02 -3.27702793e-19)	1	1.94902128e+00	(1.09362847e-01 3.40425774e-02 -1.46732709e-12)	0
4.72            	p               	3.92901117e-01	(6.09387686e-01 8.30145538e-02 2.29492899e-19)	1	1.95024913e+00	(1.09362847e-01 3.40425774e-02 -1.46732709e-12)	0
4.74            	p               	3.94195892e-01	(6.40637625e-01 7.75732234e-02 -3.27702793e-19)	1	1.95060085e+00	(1.09362847e-01 3.40425774e-02 -1.46732709e-12)	0
4.76            	p               	3.94796167e-01	(6.40637625e-01 7.75732234e-02 -3.27702793e-19)	1	1.95070877e+00	(1.09362847e-01 3.40425774e-02 -1.46732709e-12)	0
4.78            	p               	3.98196270e-01	(6.40637625e-01 7.75732234e-02 -3.27702793e-19)	1	1.94935496e+00	(1.09362847e-01 3.40425774e-02 -1.46732709e-12)	0
4.8             	p               	4.01341142e-01	(6.09387686e-01 8.30145538e-02 2.29492899e-19)	1	1.94782944e+00	(1.09362847e-01 3.40425774e-02 -1.46732709e-12)	0
4.82            	p               	3.93888336e-01	(6.09387686e-01 8.30145538e-02 2.29492899e-19)	1	1.94768797e+00	(1.09362847e-01 3.40425774e-02 -1.46732709e-12)	0
4.84            	p               	3.95170027e-01	(6.40637625e-01 7.75732234e-02 -3.27702793e-19)	1	1.94873317e+00	(1.09362847e-01 3.40425774e-02 -1.46732709e-12)	0
4.86            	p               	3.95647295e-01	(6.40637625e-01 7.75732234e-02 -3.27702793e-19)	1	1.94940876e+00	(1.09362847e-01 3.40425774e-02 -1.46732709e-12)	0
4.88            	p               	3.98866093e-01	(6.40637625e-01 7.75732234e-02 -3.27702793e-19)	1	1.94825952e+00	(1.09362847e-01 3.40425774e-02 -1.46732709e-12)	0
4.9             	p               	3.99857550e-01	(6.09387686e-01 8.30145538e-02 2.29492899e-19)	1	1.94565169e+00	(1.09362847e-01 3.40425774e-02 -1.46732709e-12)	0
4.92            	p               	3.93778263e-01	(6.09387686e-01 8.30145538e-02 2.29492899e-19)	1	1.94514666e+00	(1.09362847e-01 3.40425774e-02 -1.46732709e-12)	0
4.94            	p               	3.94696625e-01	(6.40637625e-01 7.75732234e-02 -3.27702793e-19)	1	1.94802357e+00	(1.09362847e-01 3.40425774e-02 -1.46732709e-12)	0
4.96            	p               	3.95087885e-01	(6.40637625e-01 7.75732234e-02 -3.27702793e-19)	1	1.95011090e+00	(1.09362847e-01 3.40425774e-02 -1.46732709e-12)	0
4.98            	p               	3.98359706e-01	(6.40637625e-01 7.75732234e-02 -3.27702793e-19)	1	1.95053574e+00	(1.09362847e-01 3.40425774e-02 -1.46732709e-12)	0
5               	p               	3.98826498e-01	(6.09387686e-01 8.30145538e-02 2.29492899e-19)	1	1.95083821e+00	(1.09362847e-01 3.40425774e-02 -1.46732709e-12)	0
5.02            	p               	3.94073050e-01	(6.09387686e-01 8.30145538e-02 2.29492899e-19)	1	1.94987376e+00	(1.09362847e-01 3.40425774e-02 -1.46732709e-12)	0
5.04            	p               	3.95146330e-01	(6.40637625e-01 7.75732234e-02 -3.27702793e-19)	1	1.94818913e+00	(1.09362847e-01 3.40425774e-02 -1.46732709e-12)	0
5.06            	p               	3.95712175e-01	(6.40637625e-01 7.75732234e-02 -3.27702793e-19)	1	1.94754981e+00	(1.09362847e-01 3.40425774e-02 -1.46732709e-12)	0
5.08            	p               	3.99050491e-01	(6.40637625e-01 7.75732234e-02 -3.27702793e-19)	1	1.94835789e+00	(1.09362847e-01 3.40425774e-02 -1.46732709e-12)	0
5.1             	p               	3.99055500e-01	(6.09387686e-01 8.30145538e-02 2.29492899e-19)	1	1.94935202e+00	(1.09362847e-01 3.40425774e-02 -1.46732709e-12)	0
5.12            	p               	3.94039221e-01	(6.09387686e-01 8.30145538e-02 2.29492899e-19)	1	1.94888798e+00	(1.09362847e-01 3.40425774e-02 -1.46732709e-12)	0
5.14            	p               	3.95242730e-01	(6.40637625e-01 7.75732234e-02 -3.27702793e-19)	1	1.94647862e+00	(1.09362847e-01 3.40425774e-02 -1.46732709e-12)	0
5.16            	p               	3.95832457e-01	(6.40637625e-01 7.75732234e-02 -3.27702793e-19)	1	1.94484484e+00	(1.09362847e-01 3.40425774e-02 -1.46732709e-12)	0
5.18            	p               	3.98671063e-01	(6.40637625e-01 7.75732234e-02 -3.27702793e-19)	1	1.94693003e+00	(1.09362847e-01 3.40425774e-02 -1.46732709e-12)	0
5.2             	p               	3.98561764e-01	(6.09387686e-01 8.30145538e-02 2.29492899e-19)	1	1.94968973e+00	(1.09362847e-01 3.40425774e-02 -1.46732709e-12)	0
5.22            	p               	3.93283575e-01	(6.09387686e-01 8.30145538e-02 2.29492899e-19)	1	1.95035670e+00	(1.09362847e-01 3.40425774e-02 -1.46732709e-12)	0
5.24            	p               	3.94692045e-01	(6.40637625e-01 7.75732234e-02 -3.27702793e-19)	1	1.95076430e+00	(1.09362847e-01 3.40425774e-02 -1.46732709e-12)	0
5.26            	p               	3.95407543e-01	(6.40637625e-01 7.75732234e-02 -3.27702793e-19)	1	1.95039327e+00	(1.09362847e-01 3.40425774e-02 -1.46732709e-12)	0
5.28            	p               	3.98557534e-01	(6.40637625e-01 7.75732234e-02 -3.27702793e-19)	1	1.94875845e+00	(1.09362847e-01 3.40425774e-02 -1.46732709e-12)	0
5.3             	p               	3.99541247e-01	(6.09387686e-01 8.30145538e-02 2.29492899e-19)	1	1.94760410e+00	(1.09362847e-01 3.40425774e-02 -1.46732709e-12)	0
5.32            	p               	3.94231430e-01	(6.09387686e-01 8.30145538e-02 2.29492899e-19)	1	1.94797374e+00	(1.09362847e-01 3.40425774e-02 -1.46732709e-12)	0
5.34            	p               	3.95471602e-01	(6.40637625e-01 7.75732234e-02 -3.27702793e-19)	1	1.94908346e+00	(1.09362847e-01 3.40425774e-02 -1.46732709e-12)	0
5.36            	p               	3.95869638e-01	(6.40637625e-01 7.75732234e-02 -3.27702793e-19)	1	1.94926594e+00	(1.09362847e-01 3.40425774e-02 -1.46732709e-12)	0
5.38            	p               	3.99013682e-01	(6.40637625e-01 7.75732234e-02 -3.27702793e-19)	1	1.94741976e+00	(1.09362847e-01 3.40425774e-02 -1.46732709e-12)	0
5.4             	p               	3.98918356e-01	(6.09387686e-01 8.30145538e-02 2.29492899e-19)	1	1.94504357e+00	(1.09362847e-01 3.40425774e-02 -1.46732709e-12)	0
5.42            	p               	3.93921038e-01	(6.09387686e-01 8.30145538e-02 2.29492899e-19)	1	1.94588347e+00	(1.09362847e-01 3.40425774e-02 -1.46732709e-12)	0
5.44            	p               	3.94590973e-01	(6.40637625e-01 7.75732234e-02 -3.27702793e-19)	1	1.94899300e+00	(1.09362847e-01 3.40425774e-02 -1.46732709e-12)	0
5.46            	p               	3.95161894e-01	(6.40637625e-01 7.75732234e-02 -3.27702793e-19)	1	1.95027798e+00	(1.09362847e-01 3.40425774e-02 -1.46732709e-12)	0
5.48            	p               	3.98785825e-01	(6.40637625e-01 7.75732234e-02 -3.27702793e-19)	1	1.95064471e+00	(1.09362847e-01 3.40425774e-02 -1.46732709e-12)	0
5.5             	p               	3.98006641e-01	(6.09387686e-01 8.30145538e-02 2.29492899e-19)	1	1.95070980e+00	(1.09362847e-01 3.40425774e-02 -1.46732709e-12)	0
5.52            	p               	3.94425284e-01	(6.09387686e-01 8.30145538e-02 2.29492899e-19)	1	1.94933167e+00	(1.09362847e-01 3.40425774e-02 -1.46732709e-12)	0
5.54            	p               	3.94947080e-01	(6.40637625e-01 7.75732234e-02 -3.27702793e-19)	1	1.94781281e+00	(1.09362847e-01 3.40425774e-02 -1.46732709e-12)	0
5.56            	p               	3.95976203e-01	(6.40637625e-01 7.75732234e-02 -3.27702793e-19)	1	1.94768215e+00	(1.09362847e-01 3.40425774e-02 -1.46732709e-12)	0
5.58            	p               	4.00068765e-01	(6.40637625e-01 7.75732234e-02 -3.27702793e-19)	1	1.94874053e+00	(1.09362847e-01 3.40425774e-02 -1.46732709e-12)	0
5.6             	p               	3.97329310e-01	(6.09387686e-01 8.30145538e-02 2.29492899e-19)	1	1.94942657e+00	(1.09362847e-01 3.40425774e-02 -1.46732709e-12)	0
5.62            	p               	3.94775364e-01	(6.09387686e-01 8.30145538e-02 2.29492899e-19)	1	1.94827426e+00	(1.09362847e-01 3.40425774e-02 -1.46732709e-12)	0
5.64            	p               	3.94818587e-01	(6.40637625e-01 7.75732234e-02 -3.27702793e-19)	1	1.94565212e+00	(1.09362847e-01 3.40425774e-02 -1.46732709e-12)	0
5.66            	p               	3.96296721e-01	(6.40637625e-01 7.75732234e-02 -3.27702793e-19)	1	1.94512878e+00	(1.09362847e-01 3.40425774e-02 -1.46732709e-12)	0
5.68            	p               	4.00326053e-01	(6.40637625e-01 7.75732234e-02 -3.27702793e-19)	1	1.94800996e+00	(1.09362847e-01 3.40425774e-02 -1.46732709e-12)	0
5.7             	p               	3.95505003e-01	(6.09387686e-01 8.30145538e-02 2.29492899e-19)	1	1.95010408e+00	(1.09362847e-01 3.40425774e-02 -1.46732709e-12)	0
5.72            	p               	3.94956776e-01	(6.09387686e-01 8.30145538e-02 2.29492899e-19)	1	1.95050759e+00	(1.09362847e-01 3.40425774e-02 -1.46732709e-12)	0
5.74            	p               	3.94292054e-01	(6.40637625e-01 7.75732234e-02 -3.27702793e-19)	1	1.95082078e+00	(1.09362847e-01 3.40425774e-02 -1.46732709e-12)	0
5.76            	p               	3.96387350e-01	(6.40637625e-01 7.75732234e-02 -3.27702793e-19)	1	1.94989558e+00	(1.09362847e-01 3.40425774e-02 -1.46732709e-12)	0
5.78            	p               	4.00953934e-01	(6.40637625e-01 7.75732234e-02 -3.27702793e-19)	1	1.94822062e+00	(1.09362847e-01 3.40425774e-02 -1.46732709e-12)	0
5.8             	p               	3.95515584e-01	(6.09387686e-01 8.30145538e-02 2.29492899e-19)	1	1.94756563e+00	(1.09362847e-01 3.40425774e-02 -1.46732709e-12)	0
5.82            	p               	3.95936542e-01	(6.40637625e-01 7.75732234e-02 -3.27702793e-19)	1	1.94834979e+00	(1.09362847e-01 3.40425774e-02 -1.46732709e-12)	0
5.84            	p               	3.95148092e-01	(6.40637625e-01 7.75732234e-02 -3.27702793e-19)	1	1.94933128e+00	(1.09362847e-01 3.40425774e-02 -1.46732709e-12)	0
5.86            	p               	3.97248017e-01	(6.40637625e-01 7.75732234e-02 -3.27702793e-19)	1	1.94888554e+00	(1.09362847e-01 3.40425774e-02 -1.46732709e-12)	0
5.88            	p               	4.01581337e-01	(6.40637625e-01 7.75732234e-02 -3.27702793e-19)	1	1.94649961e+00	(1.09362847e-01 3.40425774e-02 -1.46732709e-12)	0
5.9             	p               	3.94481588e-01	(6.09387686e-01 8.30145538e-02 2.29492899e-19)	1	1.94484559e+00	(1.09362847e-01 3.40425774e-02 -1.46732709e-12)	0
5.92            	p               	3.95091623e-01	(6.40637625e-01 7.75732234e-02 -3.27702793e-19)	1	1.94690282e+00	(1.09362847e-01 3.40425774e-02 -1.46732709e-12)	0
5.94            	p               	3.94549996e-01	(6.40637625e-01 7.75732234e-02 -3.27702793e-19)	1	1.94966915e+00	(1.09362847e-01 3.40425774e-02 -1.46732709e-12)	0
5.96            	p               	3.97063130e-01	(6.40637625e-01 7.75732234e-02 -3.27702793e-19)	1	1.95033726e+00	(1.09362847e-01 3.40425774e-02 -1.46732709e-12)	0
5.98            	p               	4.01310872e-01	(6.40637625e-01 7.75732234e-02 -3.27702793e-19)	1	1.95075970e+00	(1.09362847e-01 3.40425774e-02 -1.46732709e-12)	0
6               	p               	3.93981708e-01	(6.09387686e-01 8.30145538e-02 2.29492899e-19)	1	1.95042173e+00	(1.09362847e-01 3.40425774e-02 -1.46732709e-12)	0
6.02            	p               	3.95047561e-01	(6.40637625e-01 7.75732234e-02 -3.27702793e-19)	1	1.94878187e+00	(1.09362847e-01 3.40425774e-02 -1.46732709e-12)	0
6.04            	p               	3.95146954e-01	(6.40637625e-01 7.75732234e-02 -3.27702793e-19)	1	1.94759596e+00	(1.09362847e-01 3.40425774e-02 -1.46732709e-12)	0
6.06            	p               	3.98335743e-01	(6.40637625e-01 7.75732234e-02 -3.27702793e-19)	1	1.94794916e+00	(1.09362847e-01 3.40425774e-02 -1.46732709e-12)	0
6.08            	p               	4.01496003e-01	(6.09387686e-01 8.30145538e-02 2.29492899e-19)	1	1.94907768e+00	(1.09362847e-01 3.40425774e-02 -1.46732709e-12)	0
6.1             	p               	3.93814748e-01	(6.09387686e-01 8.30145538e-02 2.29492899e-19)	1	1.94930355e+00	(1.09362847e-01 3.40425774e-02 -1.46732709e-12)	0
6.12            	p               	3.94852684e-01	(6.40637625e-01 7.75732234e-02 -3.27702793e-19)	1	1.94749834e+00	(1.09362847e-01 3.40425774e-02 -1.46732709e-12)	0
6.14            	p               	3.95432055e-01	(6.40637625e-01 7.75732234e-02 -3.27702793e-19)	1	1.94506882e+00	(1.09362847e-01 3.40425774e-02 -1.46732709e-12)	0
6.16            	p               	3.98921029e-01	(6.40637625e-01 7.75732234e-02 -3.27702793e-19)	1	1.94579575e+00	(1.09362847e-01 3.40425774e-02 -1.46732709e-12)	0
6.18            	p               	3.99266779e-01	(6.09387686e-01 8.30145538e-02 2.29492899e-19)	1	1.94894148e+00	(1.09362847e-01 3.40425774e-02 -1.46732709e-12)	0
6.2             	p               	3.93108895e-01	(6.09387686e-01 8.30145538e-02 2.29492899e-19)	1	1.95033611e+00	(1.09362847e-01 3.40425774e-02 -1.46732709e-12)	0
6.22            	p               	3.94101229e-01	(6.40637625e-01 7.75732234e-02 -3.27702793e-19)	1	1.95070426e+00	(1.09362847e-01 3.40425774e-02 -1.46732709e-12)	0
6.24            	p               	3.95212513e-01	(6.40637625e-01 7.75732234e-02 -3.27702793e-19)	1	1.95070939e+00	(1.09362847e-01 3.40425774e-02 -1.46732709e-12)	0
6.26            	p               	3.99270823e-01	(6.40637625e-01 7.75732234e-02 -3.27702793e-19)	1	1.94931029e+00	(1.09362847e-01 3.40425774e-02 -1.46732709e-12)	0
6.28            	p               	3.98628317e-01	(6.09387686e-01 8.30145538e-02 2.29492899e-19)	1	1.94779797e+00	(1.09362847e-01 3.40425774e-02 -1.46732709e-12)	0
6.3             	p               	3.94398392e-01	(6.09387686e-01 8.30145538e-02 2.29492899e-19)	1	1.94767091e+00	(1.09362847e-01 3.40425774e-02 -1.46732709e-12)	0
6.32            	p               	3.95076312e-01	(6.40637625e-01 7.75732234e-02 -3.27702793e-19)	1	1.94874015e+00	(1.09362847e-01 3.40425774e-02 -1.46732709e-12)	0
6.34            	p               	3.96120155e-01	(6.40637625e-01 7.75732234e-02 -3.27702793e-19)	1	1.94944605e+00	(1.09362847e-01 3.40425774e-02 -1.46732709e-12)	0
6.36            	p               	4.00017573e-01	(6.40637625e-01 7.75732234e-02 -3.27702793e-19)	1	1.94831028e+00	(1.09362847e-01 3.40425774e-02 -1.46732709e-12)	0
6.38            	p               	3.97301307e-01	(6.09387686e-01 8.30145538e-02 2.29492899e-19)	1	1.94567814e+00	(1.09362847e-01 3.40425774e-02 -1.46732709e-12)	0
6.4             	p               	3.94728242e-01	(6.09387686e-01 8.30145538e-02 2.29492899e-19)	1	1.94509765e+00	(1.09362847e-01 3.40425774e-02 -1.46732709e-12)	0
6.42            	p               	3.94626864e-01	(6.40637625e-01 7.75732234e-02 -3.27702793e-19)	1	1.94796084e+00	(1.09362847e-01 3.40425774e-02 -1.46732709e-12)	0
6.44            	p               	3.95632854e-01	(6.40637625e-01 7.75732234e-02 -3.27702793e-19)	1	1.95009411e+00	(1.09362847e-01 3.40425774e-02 -1.46732709e-12)	0
6.46            	p               	3.99594619e-01	(6.40637625e-01 7.75732234e-02 -3.27702793e-19)	1	1.95050033e+00	(1.09362847e-01 3.40425774e-02 -1.46732709e-12)	0
6.48            	p               	3.96264225e-01	(6.09387686e-01 8.30145538e-02 2.29492899e-19)	1	1.95081832e+00	(1.09362847e-01 3.40425774e-02 -1.46732709e-12)	0
6.5             	p               	3.95324836e-01	(6.09387686e-01 8.30145538e-02 2.29492899e-19)	1	1.94991879e+00	(1.09362847e-01 3.40425774e-02 -1.46732709e-12)	0
6.52            	p               	3.94922224e-01	(6.40637625e-01 7.75732234e-02 -3.27702793e-19)	1	1.94824408e+00	(1.09362847e-01 3.40425774e-02 -1.46732709e-12)	0
6.54            	p               	3.96340590e-01	(6.40637625e-01 7.75732234e-02 -3.27702793e-19)	1	1.94756805e+00	(1.09362847e-01 3.40425774e-02 -1.46732709e-12)	0
6.56            	p               	4.00656027e-01	(6.40637625e-01 7.75732234e-02 -3.27702793e-19)	1	1.94833539e+00	(1.09362847e-01 3.40425774e-02 -1.46732709e-12)	0
6.58            	p               	3.96040088e-01	(6.09387686e-01 8.30145538e-02 2.29492899e-19)	1	1.94932019e+00	(1.09362847e-01 3.40425774e-02 -1.46732709e-12)	0
6.6             	p               	3.95837551e-01	(6.09387686e-01 8.30145538e-02 2.29492899e-19)	1	1.94889617e+00	(1.09362847e-01 3.40425774e-02 -1.46732709e-12)	0
6.62            	p               	3.94916660e-01	(6.40637625e-01 7.75732234e-02 -3.27702793e-19)	1	1.94652342e+00	(1.09362847e-01 3.40425774e-02 -1.46732709e-12)	0
6.64            	p               	3.96740058e-01	(6.40637625e-01 7.75732234e-02 -3.27702793e-19)	1	1.94484013e+00	(1.09362847e-01 3.40425774e-02 -1.46732709e-12)	0
6.66            	p               	4.00909711e-01	(6.40637625e-01 7.75732234e-02 -3.27702793e-19)	1	1.94687209e+00	(1.09362847e-01 3.40425774e-02 -1.46732709e-12)	0
6.68            	p               	3.94543567e-01	(6.09387686e-01 8.30145538e-02 2.29492899e-19)	1	1.94965882e+00	(1.09362847e-01 3.40425774e-02 -1.46732709e-12)	0
6.7             	p               	3.94999895e-01	(6.40637625e-01 7.75732234e-02 -3.27702793e-19)	1	1.95032936e+00	(1.09362847e-01 3.40425774e-02 -1.46732709e-12)	0
6.72            	p               	3.94327263e-01	(6.40637625e-01 7.75732234e-02 -3.27702793e-19)	1	1.95074393e+00	(1.09362847e-01 3.40425774e-02 -1.46732709e-12)	0
6.74            	p               	3.96640932e-01	(6.40637625e-01 7.75732234e-02 -3.27702793e-19)	1	1.95043276e+00	(1.09362847e-01 3.40425774e-02 -1.46732709e-12)	0
6.76            	p               	4.01130792e-01	(6.40637625e-01 7.75732234e-02 -3.27702793e-19)	1	1.94880760e+00	(1.09362847e-01 3.40425774e-02 -1.46732709e-12)	0
6.78            	p               	3.94895329e-01	(6.09387686e-01 8.30145538e-02 2.29492899e-19)	1	1.94760929e+00	(1.09362847e-01 3.40425774e-02 -1.46732709e-12)	0
6.8             	p               	3.95702298e-01	(6.40637625e-01 7.75732234e-02 -3.27702793e-19)	1	1.94794277e+00	(1.09362847e-01 3.40425774e-02 -1.46732709e-12)	0
6.82            	p               	3.95265823e-01	(6.40637625e-01 7.75732234e-02 -3.27702793e-19)	1	1.94906091e+00	(1.09362847e-01 3.40425774e-02 -1.46732709e-12)	0
6.84            	p               	3.97513158e-01	(6.40637625e-01 7.75732234e-02 -3.27702793e-19)	1	1.94929032e+00	(1.09362847e-01 3.40425774e-02 -1.46732709e-12)	0
6.86            	p               	4.01610477e-01	(6.40637625e-01 7.75732234e-02 -3.27702793e-19)	1	1.94749501e+00	(1.09362847e-01 3.40425774e-02 -1.46732709e-12)	0
6.88            	p               	3.94197813e-01	(6.09387686e-01 8.30145538e-02 2.29492899e-19)	1	1.94508195e+00	(1.09362847e-01 3.40425774e-02 -1.46732709e-12)	0
6.9             	p               	3.95140860e-01	(6.40637625e-01 7.75732234e-02 -3.27702793e-19)	1	1.94581459e+00	(1.09362847e-01 3.40425774e-02 -1.46732709e-12)	0
6.92            	p               	3.94773361e-01	(6.40637625e-01 7.75732234e-02 -3.27702793e-19)	1	1.94893258e+00	(1.09362847e-01 3.40425774e-02 -1.46732709e-12)	0
6.94            	p               	3.97229891e-01	(6.40637625e-01 7.75732234e-02 -3.27702793e-19)	1	1.95030133e+00	(1.09362847e-01 3.40425774e-02 -1.46732709e-12)	0
6.96            	p               	4.01217371e-01	(6.40637625e-01 7.75732234e-02 -3.27702793e-19)	1	1.95067081e+00	(1.09362847e-01 3.40425774e-02 -1.46732709e-12)	0
6.98            	p               	3.93736873e-01	(6.09387686e-01 8.30145538e-02 2.29492899e-19)	1	1.95071304e+00	(1.09362847e-01 3.40425774e-02 -1.46732709e-12)	0
7               	p               	3.94946527e-01	(6.40637625e-01 7.75732234e-02 -3.27702793e-19)	1	1.94933997e+00	(1.09362847e-01 3.40425774e-02 -1.46732709e-12)	0
7.02            	p               	3.95160470e-01	(6.40637625e-01 7.75732234e-02 -3.27702793e-19)	1	1.94782284e+00	(1.09362847e-01 3.40425774e-02 -1.46732709e-12)	0
7.04            	p               	3.98390760e-01	(6.40637625e-01 7.75732234e-02 -3.27702793e-19)	1	1.94767739e+00	(1.09362847e-01 3.40425774e-02 -1.46732709e-12)	0
7.06            	p               	4.01254217e-01	(6.09387686e-01 8.30145538e-02 2.29492899e-19)	1	1.94872733e+00	(1.09362847e-01 3.40425774e-02 -1.46732709e-12)	0
7.08            	p               	3.93823243e-01	(6.09387686e-01 8.30145538e-02 2.29492899e-19)	1	1.94942880e+00	(1.09362847e-01 3.40425774e-02 -1.46732709e-12)	0
7.1             	p               	3.94804865e-01	(6.40637625e-01 7.75732234e-02 -3.27702793e-19)	1	1.94830738e+00	(1.09362847e-01 3.40425774e-02 -1.46732709e-12)	0
7.12            	p               	3.95442782e-01	(6.40637625e-01 7.75732234e-02 -3.27702793e-19)	1	1.94568713e+00	(1.09362847e-01 3.40425774e-02 -1.46732709e-12)	0
7.14            	p               	3.99230159e-01	(6.40637625e-01 7.75732234e-02 -3.27702793e-19)	1	1.94510270e+00	(1.09362847e-01 3.40425774e-02 -1.46732709e-12)	0
7.16            	p               	3.98905830e-01	(6.09387686e-01 8.30145538e-02 2.29492899e-19)	1	1.94795042e+00	(1.09362847e-01 3.40425774e-02 -1.46732709e-12)	0
7.18            	p               	3.93183343e-01	(6.09387686e-01 8.30145538e-02 2.29492899e-19)	1	1.95006210e+00	(1.09362847e-01 3.40425774e-02 -1.46732709e-12)	0
7.2             	p               	3.93887263e-01	(6.40637625e-01 7.75732234e-02 -3.27702793e-19)	1	1.95045625e+00	(1.09362847e-01 3.40425774e-02 -1.46732709e-12)	0
7.22            	p               	3.95204574e-01	(6.40637625e-01 7.75732234e-02 -3.27702793e-19)	1	1.95081793e+00	(1.09362847e-01 3.40425774e-02 -1.46732709e-12)	0
7.24            	p               	3.99698981e-01	(6.40637625e-01 7.75732234e-02 -3.27702793e-19)	1	1.94996048e+00	(1.09362847e-01 3.40425774e-02 -1.46732709e-12)	0
7.26            	p               	3.97848119e-01	(6.09387686e-01 8.30145538e-02 2.29492899e-19)	1	1.94827105e+00	(1.09362847e-01 3.40425774e-02 -1.46732709e-12)	0
7.28            	p               	3.94691662e-01	(6.09387686e-01 8.30145538e-02 2.29492899e-19)	1	1.94755937e+00	(1.09362847e-01 3.40425774e-02 -1.46732709e-12)	0
7.3             	p               	3.94847580e-01	(6.40637625e-01 7.75732234e-02 -3.27702793e-19)	1	1.94831125e+00	(1.09362847e-01 3.40425774e-02 -1.46732709e-12)	0
7.32            	p               	3.96384030e-01	(6.40637625e-01 7.75732234e-02 -3.27702793e-19)	1	1.94931110e+00	(1.09362847e-01 3.40425774e-02 -1.46732709e-12)	0
7.34            	p               	4.00784206e-01	(6.40637625e-01 7.75732234e-02 -3.27702793e-19)	1	1.94891932e+00	(1.09362847e-01 3.40425774e-02 -1.46732709e-12)	0
7.36            	p               	3.96155682e-01	(6.09387686e-01 8.30145538e-02 2.29492899e-19)	1	1.94656564e+00	(1.09362847e-01 3.40425774e-02 -1.46732709e-12)	0
7.38            	p               	3.95636666e-01	(6.09387686e-01 8.30145538e-02 2.29492899e-19)	1	1.94484805e+00	(1.09362847e-01 3.40425774e-02 -1.46732709e-12)	0
7.4             	p               	3.94606066e-01	(6.40637625e-01 7.75732234e-02 -3.27702793e-19)	1	1.94683287e+00	(1.09362847e-01 3.40425774e-02 -1.46732709e-12)	0
7.42            	p               	3.96325513e-01	(6.40637625e-01 7.75732234e-02 -3.27702793e-19)	1	1.94964492e+00	(1.09362847e-01 3.40425774e-02 -1.46732709e-12)	0
7.44            	p               	4.00748420e-01	(6.40637625e-01 7.75732234e-02 -3.27702793e-19)	1	1.95036499e+00	(1.09362847e-01 3.40425774e-02 -1.46732709e-12)	0
7.46            	p               	3.94598352e-01	(6.09387686e-01 8.30145538e-02 2.29492899e-19)	1	1.95077299e+00	(1.09362847e-01 3.40425774e-02 -1.46732709e-12)	0
7.48            	p               	3.95199941e-01	(6.40637625e-01 7.75732234e-02 -3.27702793e-19)	1	1.95042537e+00	(1.09362847e-01 3.40425774e-02 -1.46732709e-12)	0
7.5             	p               	3.94739846e-01	(6.40637625e-01 7.75732234e-02 -3.27702793e-19)	1	1.94879041e+00	(1.09362847e-01 3.40425774e-02 -1.46732709e-12)	0
7.52            	p               	3.97304190e-01	(6.40637625e-01 7.75732234e-02 -3.27702793e-19)	1	1.94759876e+00	(1.09362847e-01 3.40425774e-02 -1.46732709e-12)	0
7.54            	p               	4.01924143e-01	(6.40637625e-01 7.75732234e-02 -3.27702793e-19)	1	1.94793914e+00	(1.09362847e-01 3.40425774e-02 -1.46732709e-12)	0
7.56            	p               	3.94440455e-01	(6.09387686e-01 8.30145538e-02 2.29492899e-19)	1	1.94906971e+00	(1.09362847e-01 3.40425774e-02 -1.46732709e-12)	0
7.58            	p               	3.95187146e-01	(6.40637625e-01 7.75732234e-02 -3.27702793e-19)	1	1.94931127e+00	(1.09362847e-01 3.40425774e-02 -1.46732709e-12)	0
7.6             	p               	3.95066840e-01	(6.40637625e-01 7.75732234e-02 -3.27702793e-19)	1	1.94752012e+00	(1.09362847e-01 3.40425774e-02 -1.46732709e-12)	0
7.62            	p               	3.98158665e-01	(6.40637625e-01 7.75732234e-02 -3.27702793e-19)	1	1.94508497e+00	(1.09362847e-01 3.40425774e-02 -1.46732709e-12)	0
7.64            	p               	4.01947216e-01	(6.09387686e-01 8.30145538e-02 2.29492899e-19)	1	1.94578115e+00	(1.09362847e-01 3.40425774e-02 -1.46732709e-12)	0
7.66            	p               	3.93235414e-01	(6.09387686e-01 8.30145538e-02 2.29492899e-19)	1	1.94890745e+00	(1.09362847e-01 3.40425774e-02 -1.46732709e-12)	0
7.68            	p               	3.94050636e-01	(6.40637625e-01 7.75732234e-02 -3.27702793e-19)	1	1.95028426e+00	(1.09362847e-01 3.40425774e-02 -1.46732709e-12)	0
7.7             	p               	3.94591119e-01	(6.40637625e-01 7.75732234e-02 -3.27702793e-19)	1	1.95063414e+00	(1.09362847e-01 3.40425774e-02 -1.46732709e-12)	0
7.72            	p               	3.98408610e-01	(6.40637625e-01 7.75732234e-02 -3.27702793e-19)	1	1.95071241e+00	(1.09362847e-01 3.40425774e-02 -1.46732709e-12)	0
7.74            	p               	4.00241434e-01	(6.09387686e-01 8.30145538e-02 2.29492899e-19)	1	1.94938133e+00	(1.09362847e-01 3.40425774e-02 -1.46732709e-12)	0
7.76            	p               	3.93965430e-01	(6.09387686e-01 8.30145538e-02 2.29492899e-19)	1	1.94785838e+00	(1.09362847e-01 3.40425774e-02 -1.46732709e-12)	0
7.78            	p               	3.94835180e-01	(6.40637625e-01 7.75732234e-02 -3.27702793e-19)	1	1.94768256e+00	(1.09362847e-01 3.40425774e-02 -1.46732709e-12)	0
7.8             	p               	3.95752051e-01	(6.40637625e-01 7.75732234e-02 -3.27702793e-19)	1	1.94870598e+00	(1.09362847e-01 3.40425774e-02 -1.46732709e-12)	0
7.82            	p               	3.99701188e-01	(6.40637625e-01 7.75732234e-02 -3.27702793e-19)	1	1.94941094e+00	(1.09362847e-01 3.40425774e-02 -1.46732709e-12)	0
7.84            	p               	3.98351215e-01	(6.09387686e-01 8.30145538e-02 2.29492899e-19)	1	1.94832865e+00	(1.09362847e-01 3.40425774e-02 -1.46732709e-12)	0
7.86            	p               	3.94204772e-01	(6.09387686e-01 8.30145538e-02 2.29492899e-19)	1	1.94571983e+00	(1.09362847e-01 3.40425774e-02 -1.46732709e-12)	0
7.88            	p               	3.94694918e-01	(6.40637625e-01 7.75732234e-02 -3.27702793e-19)	1	1.94507830e+00	(1.09362847e-01 3.40425774e-02 -1.46732709e-12)	0
7.9             	p               	3.95769069e-01	(6.40637625e-01 7.75732234e-02 -3.27702793e-19)	1	1.94790188e+00	(1.09362847e-01 3.40425774e-02 -1.46732709e-12)	0
7.92            	p               	3.99711284e-01	(6.40637625e-01 7.75732234e-02 -3.27702793e-19)	1	1.95003884e+00	(1.09362847e-01 3.40425774e-02 -1.46732709e-12)	0
7.94            	p               	3.96346641e-01	(6.09387686e-01 8.30145538e-02 2.29492899e-19)	1	1.95042805e+00	(1.09362847e-01 3.40425774e-02 -1.46732709e-12)	0
7.96            	p               	3.94689381e-01	(6.09387686e-01 8.30145538e-02 2.29492899e-19)	1	1.95082030e+00	(1.09362847e-01 3.40425774e-02 -1.46732709e-12)	0
7.98            	p               	3.94536050e-01	(6.40637625e-01 7.75732234e-02 -3.27702793e-19)	1	1.95000698e+00	(1.09362847e-01 3.40425774e-02 -1.46732709e-12)	0
8               	p               	3.96231168e-01	(6.40637625e-01 7.75732234e-02 -3.27702793e-19)	1	1.94830131e+00	(1.09362847e-01 3.40425774e-02 -1.46732709e-12)	0
8.02            	p               	4.00712147e-01	(6.40637625e-01 7.75732234e-02 -3.27702793e-19)	1	1.94754460e+00	(1.09362847e-01 3.40425774e-02 -1.46732709e-12)	0
8.04            	p               	3.96170256e-01	(6.09387686e-01 8.30145538e-02 2.29492899e-19)	1	1.94827909e+00	(1.09362847e-01 3.40425774e-02 -1.46732709e-12)	0
8.06            	p               	3.96022200e-01	(6.09387686e-01 8.30145538e-02 2.29492899e-19)	1	1.94930861e+00	(1.09362847e-01 3.40425774e-02 -1.46732709e-12)	0
8.08            	p               	3.94987170e-01	(6.40637625e-01 7.75732234e-02 -3.27702793e-19)	1	1.94898235e+00	(1.09362847e-01 3.40425774e-02 -1.46732709e-12)	0
8.1             	p               	3.96778383e-01	(6.40637625e-01 7.75732234e-02 -3.27702793e-19)	1	1.94666850e+00	(1.09362847e-01 3.40425774e-02 -1.46732709e-12)	0
8.12            	p               	4.01278299e-01	(6.40637625e-01 7.75732234e-02 -3.27702793e-19)	1	1.94484363e+00	(1.09362847e-01 3.40425774e-02 -1.46732709e-12)	0
8.14            	p               	3.94795911e-01	(6.09387686e-01 8.30145538e-02 2.29492899e-19)	1	1.94670919e+00	(1.09362847e-01 3.40425774e-02 -1.46732709e-12)	0
8.16            	p               	3.95076095e-01	(6.40637625e-01 7.75732234e-02 -3.27702793e-19)	1	1.94960919e+00	(1.09362847e-01 3.40425774e-02 -1.46732709e-12)	0
8.18            	p               	3.94238420e-01	(6.40637625e-01 7.75732234e-02 -3.27702793e-19)	1	1.95043171e+00	(1.09362847e-01 3.40425774e-02 -1.46732709e-12)	0
8.2             	p               	3.96523796e-01	(6.40637625e-01 7.75732234e-02 -3.27702793e-19)	1	1.95081410e+00	(1.09362847e-01 3.40425774e-02 -1.46732709e-12)	0
8.22            	p               	4.01157135e-01	(6.40637625e-01 7.75732234e-02 -3.27702793e-19)	1	1.95042527e+00	(1.09362847e-01 3.40425774e-02 -1.46732709e-12)	0
8.24            	p               	3.94651739e-01	(6.09387686e-01 8.30145538e-02 2.29492899e-19)	1	1.94878498e+00	(1.09362847e-01 3.40425774e-02 -1.46732709e-12)	0
8.26            	p               	3.95461333e-01	(6.40637625e-01 7.75732234e-02 -3.27702793e-19)	1	1.94758825e+00	(1.09362847e-01 3.40425774e-02 -1.46732709e-12)	0
8.28            	p               	3.95117083e-01	(6.40637625e-01 7.75732234e-02 -3.27702793e-19)	1	1.94792040e+00	(1.09362847e-01 3.40425774e-02 -1.46732709e-12)	0
8.3             	p               	3.97743566e-01	(6.40637625e-01 7.75732234e-02 -3.27702793e-19)	1	1.94906833e+00	(1.09362847e-01 3.40425774e-02 -1.46732709e-12)	0
8.32            	p               	4.01928162e-01	(6.40637625e-01 7.75732234e-02 -3.27702793e-19)	1	1.94934542e+00	(1.09362847e-01 3.40425774e-02 -1.46732709e-12)	0
8.34            	p               	3.93897995e-01	(6.09387686e-01 8.30145538e-02 2.29492899e-19)	1	1.94758190e+00	(1.09362847e-01 3.40425774e-02 -1.46732709e-12)	0
8.36            	p               	3.94974814e-01	(6.40637625e-01 7.75732234e-02 -3.27702793e-19)	1	1.94510489e+00	(1.09362847e-01 3.40425774e-02 -1.46732709e-12)	0
8.38            	p               	3.95075734e-01	(6.40637625e-01 7.75732234e-02 -3.27702793e-19)	1	1.94570834e+00	(1.09362847e-01 3.40425774e-02 -1.46732709e-12)	0
8.4             	p               	3.97891725e-01	(6.40637625e-01 7.75732234e-02 -3.27702793e-19)	1	1.94884843e+00	(1.09362847e-01 3.40425774e-02 -1.46732709e-12)	0
8.42            	p               	4.01034961e-01	(6.09387686e-01 8.30145538e-02 2.29492899e-19)	1	1.95027899e+00	(1.09362847e-01 3.40425774e-02 -1.46732709e-12)	0
8.44            	p               	3.93113097e-01	(6.09387686e-01 8.30145538e-02 2.29492899e-19)	1	1.95061790e+00	(1.09362847e-01 3.40425774e-02 -1.46732709e-12)	0
8.46            	p               	3.94388257e-01	(6.40637625e-01 7.75732234e-02 -3.27702793e-19)	1	1.95072164e+00	(1.09362847e-01 3.40425774e-02 -1.46732709e-12)	0
8.48            	p               	3.95108750e-01	(6.40637625e-01 7.75732234e-02 -3.27702793e-19)	1	1.94942477e+00	(1.09362847e-01 3.40425774e-02 -1.46732709e-12)	0
8.5             	p               	3.98732137e-01	(6.40637625e-01 7.75732234e-02 -3.27702793e-19)	1	1.94788710e+00	(1.09362847e-01 3.40425774e-02 -1.46732709e-12)	0
8.52            	p               	4.00226587e-01	(6.09387686e-01 8.30145538e-02 2.29492899e-19)	1	1.94767370e+00	(1.09362847e-01 3.40425774e-02 -1.46732709e-12)	0
8.54            	p               	3.94024196e-01	(6.09387686e-01 8.30145538e-02 2.29492899e-19)	1	1.94867827e+00	(1.09362847e-01 3.40425774e-02 -1.46732709e-12)	0
8.56            	p               	3.94947741e-01	(6.40637625e-01 7.75732234e-02 -3.27702793e-19)	1	1.94940176e+00	(1.09362847e-01 3.40425774e-02 -1.46732709e-12)	0
8.58            	p               	3.95661282e-01	(6.40637625e-01 7.75732234e-02 -3.27702793e-19)	1	1.94836322e+00	(1.09362847e-01 3.40425774e-02 -1.46732709e-12)	0
8.6             	p               	3.99632919e-01	(6.40637625e-01 7.75732234e-02 -3.27702793e-19)	1	1.94576347e+00	(1.09362847e-01 3.40425774e-02 -1.46732709e-12)	0
8.62            	p               	3.98318063e-01	(6.09387686e-01 8.30145538e-02 2.29492899e-19)	1	1.94505663e+00	(1.09362847e-01 3.40425774e-02 -1.46732709e-12)	0
8.64            	p               	3.93851745e-01	(6.09387686e-01 8.30145538e-02 2.29492899e-19)	1	1.94784650e+00	(1.09362847e-01 3.40425774e-02 -1.46732709e-12)	0
8.66            	p               	3.94009385e-01	(6.40637625e-01 7.75732234e-02 -3.27702793e-19)	1	1.95002451e+00	(1.09362847e-01 3.40425774e-02 -1.46732709e-12)	0
8.68            	p               	3.95292445e-01	(6.40637625e-01 7.75732234e-02 -3.27702793e-19)	1	1.95042229e+00	(1.09362847e-01 3.40425774e-02 -1.46732709e-12)	0
8.7             	p               	3.99939039e-01	(6.40637625e-01 7.75732234e-02 -3.27702793e-19)	1	1.95081788e+00	(1.09362847e-01 3.40425774e-02 -1.46732709e-12)	0
8.72            	p               	3.96832121e-01	(6.09387686e-01 8.30145538e-02 2.29492899e-19)	1	1.95003220e+00	(1.09362847e-01 3.40425774e-02 -1.46732709e-12)	0
8.74            	p               	3.95230795e-01	(6.09387686e-01 8.30145538e-02 2.29492899e-19)	1	1.94832775e+00	(1.09362847e-01 3.40425774e-02 -1.46732709e-12)	0
8.76            	p               	3.94695398e-01	(6.40637625e-01 7.75732234e-02 -3.27702793e-19)	1	1.94754634e+00	(1.09362847e-01 3.40425774e-02 -1.46732709e-12)	0
8.78            	p               	3.96620894e-01	(6.40637625e-01 7.75732234e-02 -3.27702793e-19)	1	1.94826076e+00	(1.09362847e-01 3.40425774e-02 -1.46732709e-12)	0
8.8             	p               	4.01401531e-01	(6.40637625e-01 7.75732234e-02 -3.27702793e-19)	1	1.94929412e+00	(1.09362847e-01 3.40425774e-02 -1.46732709e-12)	0
8.82            	p               	3.95362176e-01	(6.09387686e-01 8.30145538e-02 2.29492899e-19)	1	1.94898568e+00	(1.09362847e-01 3.40425774e-02 -1.46732709e-12)	0
8.84            	p               	3.95502621e-01	(6.40637625e-01 7.75732234e-02 -3.27702793e-19)	1	1.94668365e+00	(1.09362847e-01 3.40425774e-02 -1.46732709e-12)	0
8.86            	p               	3.94771014e-01	(6.40637625e-01 7.75732234e-02 -3.27702793e-19)	1	1.94485310e+00	(1.09362847e-01 3.40425774e-02 -1.46732709e-12)	0
8.88            	p               	3.97136081e-01	(6.40637625e-01 7.75732234e-02 -3.27702793e-19)	1	1.94669973e+00	(1.09362847e-01 3.40425774e-02 -1.46732709e-12)	0
8.9             	p               	4.01430280e-01	(6.40637625e-01 7.75732234e-02 -3.27702793e-19)	1	1.94958642e+00	(1.09362847e-01 3.40425774e-02 -1.46732709e-12)	0
8.92            	p               	3.93627651e-01	(6.09387686e-01 8.30145538e-02 2.29492899e-19)	1	1.95039336e+00	(1.09362847e-01 3.40425774e-02 -1.46732709e-12)	0
8.94            	p               	3.94428275e-01	(6.40637625e-01 7.75732234e-02 -3.27702793e-19)	1	1.95078172e+00	(1.09362847e-01 3.40425774e-02 -1.46732709e-12)	0
8.96            	p               	3.94586363e-01	(6.40637625e-01 7.75732234e-02 -3.27702793e-19)	1	1.95044480e+00	(1.09362847e-01 3.40425774e-02 -1.46732709e-12)	0
8.98            	p               	3.97798246e-01	(6.40637625e-01 7.75732234e-02 -3.27702793e-19)	1	1.94882876e+00	(1.09362847e-01 3.40425774e-02 -1.46732709e-12)	0
9               	p               	4.02087873e-01	(6.40637625e-01 7.75732234e-02 -3.27702793e-19)	1	1.94761545e+00	(1.09362847e-01 3.40425774e-02 -1.46732709e-12)	0
9.02            	p               	3.94110696e-01	(6.09387686e-01 8.30145538e-02 2.29492899e-19)	1	1.94791673e+00	(1.09362847e-01 3.40425774e-02 -1.46732709e-12)	0
9.04            	p               	3.95100319e-01	(6.40637625e-01 7.75732234e-02 -3.27702793e-19)	1	1.94904217e+00	(1.09362847e-01 3.40425774e-02 -1.46732709e-12)	0
9.06            	p               	3.95389689e-01	(6.40637625e-01 7.75732234e-02 -3.27702793e-19)	1	1.94932647e+00	(1.09362847e-01 3.40425774e-02 -1.46732709e-12)	0
9.08            	p               	3.98808618e-01	(6.40637625e-01 7.75732234e-02 -3.27702793e-19)	1	1.94759133e+00	(1.09362847e-01 3.40425774e-02 -1.46732709e-12)	0
9.1             	p               	4.00301506e-01	(6.09387686e-01 8.30145538e-02 2.29492899e-19)	1	1.94512591e+00	(1.09362847e-01 3.40425774e-02 -1.46732709e-12)	0
9.12            	p               	3.93676332e-01	(6.09387686e-01 8.30145538e-02 2.29492899e-19)	1	1.94570811e+00	(1.09362847e-01 3.40425774e-02 -1.46732709e-12)	0
9.14            	p               	3.94289697e-01	(6.40637625e-01 7.75732234e-02 -3.27702793e-19)	1	1.94881917e+00	(1.09362847e-01 3.40425774e-02 -1.46732709e-12)	0
9.16            	p               	3.94928118e-01	(6.40637625e-01 7.75732234e-02 -3.27702793e-19)	1	1.95023242e+00	(1.09362847e-01 3.40425774e-02 -1.46732709e-12)	0
9.18            	p               	3.98956823e-01	(6.40637625e-01 7.75732234e-02 -3.27702793e-19)	1	1.95058116e+00	(1.09362847e-01 3.40425774e-02 -1.46732709e-12)	0
9.2             	p               	3.98245588e-01	(6.09387686e-01 8.30145538e-02 2.29492899e-19)	1	1.95074574e+00	(1.09362847e-01 3.40425774e-02 -1.46732709e-12)	0
9.22            	p               	3.94323845e-01	(6.09387686e-01 8.30145538e-02 2.29492899e-19)	1	1.94947376e+00	(1.09362847e-01 3.40425774e-02 -1.46732709e-12)	0
9.24            	p               	3.94687847e-01	(6.40637625e-01 7.75732234e-02 -3.27702793e-19)	1	1.94790300e+00	(1.09362847e-01 3.40425774e-02 -1.46732709e-12)	0
9.26            	p               	3.95934583e-01	(6.40637625e-01 7.75732234e-02 -3.27702793e-19)	1	1.94765082e+00	(1.09362847e-01 3.40425774e-02 -1.46732709e-12)	0
9.28            	p               	4.00435781e-01	(6.40637625e-01 7.75732234e-02 -3.27702793e-19)	1	1.94865226e+00	(1.09362847e-01 3.40425774e-02 -1.46732709e-12)	0
9.3             	p               	3.97014161e-01	(6.09387686e-01 8.30145538e-02 2.29492899e-19)	1	1.94940701e+00	(1.09362847e-01 3.40425774e-02 -1.46732709e-12)	0
9.32            	p               	3.94987804e-01	(6.09387686e-01 8.30145538e-02 2.29492899e-19)	1	1.94840894e+00	(1.09362847e-01 3.40425774e-02 -1.46732709e-12)	0
9.34            	p               	3.94706344e-01	(6.40637625e-01 7.75732234e-02 -3.27702793e-19)	1	1.94580948e+00	(1.09362847e-01 3.40425774e-02 -1.46732709e-12)	0
9.36            	p               	3.96448166e-01	(6.40637625e-01 7.75732234e-02 -3.27702793e-19)	1	1.94503377e+00	(1.09362847e-01 3.40425774e-02 -1.46732709e-12)	0
9.38            	p               	4.00767289e-01	(6.40637625e-01 7.75732234e-02 -3.27702793e-19)	1	1.94779166e+00	(1.09362847e-01 3.40425774e-02 -1.46732709e-12)	0
9.4             	p               	3.95009276e-01	(6.09387686e-01 8.30145538e-02 2.29492899e-19)	1	1.95003162e+00	(1.09362847e-01 3.40425774e-02 -1.46732709e-12)	0
9.42            	p               	3.95105724e-01	(6.40637625e-01 7.75732234e-02 -3.27702793e-19)	1	1.95046836e+00	(1.09362847e-01 3.40425774e-02 -1.46732709e-12)	0
9.44            	p               	3.94238748e-01	(6.40637625e-01 7.75732234e-02 -3.27702793e-19)	1	1.95083512e+00	(1.09362847e-01 3.40425774e-02 -1.46732709e-12)	0
9.46            	p               	3.96621987e-01	(6.40637625e-01 7.75732234e-02 -3.27702793e-19)	1	1.95002036e+00	(1.09362847e-01 3.40425774e-02 -1.46732709e-12)	0
9.48            	p               	4.01337778e-01	(6.40637625e-01 7.75732234e-02 -3.27702793e-19)	1	1.94831533e+00	(1.09362847e-01 3.40425774e-02 -1.46732709e-12)	0
9.5             	p               	3.95013185e-01	(6.09387686e-01 8.30145538e-02 2.29492899e-19)	1	1.94753793e+00	(1.09362847e-01 3.40425774e-02 -1.46732709e-12)	0
9.52            	p               	3.95631026e-01	(6.40637625e-01 7.75732234e-02 -3.27702793e-19)	1	1.94825670e+00	(1.09362847e-01 3.40425774e-02 -1.46732709e-12)	0
9.54            	p               	3.95173366e-01	(6.40637625e-01 7.75732234e-02 -3.27702793e-19)	1	1.94930380e+00	(1.09362847e-01 3.40425774e-02 -1.46732709e-12)	0
9.56            	p               	3.97566553e-01	(6.40637625e-01 7.75732234e-02 -3.27702793e-19)	1	1.94901118e+00	(1.09362847e-01 3.40425774e-02 -1.46732709e-12)	0
9.58            	p               	4.01846208e-01	(6.40637625e-01 7.75732234e-02 -3.27702793e-19)	1	1.94671411e+00	(1.09362847e-01 3.40425774e-02 -1.46732709e-12)	0
9.6             	p               	3.94128831e-01	(6.09387686e-01 8.30145538e-02 2.29492899e-19)	1	1.94484826e+00	(1.09362847e-01 3.40425774e-02 -1.46732709e-12)	0
9.62            	p               	3.94923097e-01	(6.40637625e-01 7.75732234e-02 -3.27702793e-19)	1	1.94665625e+00	(1.09362847e-01 3.40425774e-02 -1.46732709e-12)	0
9.64            	p               	3.94649087e-01	(6.40637625e-01 7.75732234e-02 -3.27702793e-19)	1	1.94956242e+00	(1.09362847e-01 3.40425774e-02 -1.46732709e-12)	0
9.66            	p               	3.97412218e-01	(6.40637625e-01 7.75732234e-02 -3.27702793e-19)	1	1.95037497e+00	(1.09362847e-01 3.40425774e-02 -1.46732709e-12)	0
9.68            	p               	4.01456325e-01	(6.40637625e-01 7.75732234e-02 -3.27702793e-19)	1	1.95075592e+00	(1.09362847e-01 3.40425774e-02 -1.46732709e-12)	0
9.7             	p               	3.93760530e-01	(6.09387686e-01 8.30145538e-02 2.29492899e-19)	1	1.95046079e+00	(1.09362847e-01 3.40425774e-02 -1.46732709e-12)	0
9.72            	p               	3.94885801e-01	(6.40637625e-01 7.75732234e-02 -3.27702793e-19)	1	1.94886943e+00	(1.09362847e-01 3.40425774e-02 -1.46732709e-12)	0
9.74            	p               	3.95224935e-01	(6.40637625e-01 7.75732234e-02 -3.27702793e-19)	1	1.94763933e+00	(1.09362847e-01 3.40425774e-02 -1.46732709e-12)	0
9.76            	p               	3.98671071e-01	(6.40637625e-01 7.75732234e-02 -3.27702793e-19)	1	1.94791057e+00	(1.09362847e-01 3.40425774e-02 -1.46732709e-12)	0
9.78            	p               	4.00597257e-01	(6.09387686e-01 8.30145538e-02 2.29492899e-19)	1	1.94902003e+00	(1.09362847e-01 3.40425774e-02 -1.46732709e-12)	0
9.8             	p               	3.93792352e-01	(6.09387686e-01 8.30145538e-02 2.29492899e-19)	1	1.94932131e+00	(1.09362847e-01 3.40425774e-02 -1.46732709e-12)	0
9.82            	p               	3.94784515e-01	(6.40637625e-01 7.75732234e-02 -3.27702793e-19)	1	1.94762184e+00	(1.09362847e-01 3.40425774e-02 -1.46732709e-12)	0
9.84            	p               	3.95544559e-01	(6.40637625e-01 7.75732234e-02 -3.27702793e-19)	1	1.94514188e+00	(1.09362847e-01 3.40425774e-02 -1.46732709e-12)	0
9.86            	p               	3.99275510e-01	(6.40637625e-01 7.75732234e-02 -3.27702793e-19)	1	1.94566852e+00	(1.09362847e-01 3.40425774e-02 -1.46732709e-12)	0
9.88            	p               	3.98478843e-01	(6.09387686e-01 8.30145538e-02 2.29492899e-19)	1	1.94878315e+00	(1.09362847e-01 3.40425774e-02 -1.46732709e-12)	0
9.9             	p               	3.93232239e-01	(6.09387686e-01 8.30145538e-02 2.29492899e-19)	1	1.95021327e+00	(1.09362847e-01 3.40425774e-02 -1.46732709e-12)	0
9.92            	p               	3.93991504e-01	(6.40637625e-01 7.75732234e-02 -3.27702793e-19)	1	1.95055097e+00	(1.09362847e-01 3.40425774e-02 -1.46732709e-12)	0
9.94            	p               	3.95322469e-01	(6.40637625e-01 7.75732234e-02 -3.27702793e-19)	1	1.95075895e+00	(1.09362847e-01 3.40425774e-02 -1.46732709e-12)	0
9.96            	p               	3.99705895e-01	(6.40637625e-01 7.75732234e-02 -3.27702793e-19)	1	1.94952105e+00	(1.09362847e-01 3.40425774e-02 -1.46732709e-12)	0
9.98            	p               	3.97799869e-01	(6.09387686e-01 8.30145538e-02 2.29492899e-19)	1	1.94792553e+00	(1.09362847e-01 3.40425774e-02 -1.46732709e-12)	0
10              	p               	3.94695641e-01	(6.09387686e-01 8.30145538e-02 2.29492899e-19)	1	1.94763326e+00	(1.09362847e-01 3.40425774e-02 -1.46732709e-12)	0
