# Field minima and maxima
# Time          	field           	min             	location(min)   	processor       	max             	location(max)   	processor       
0.02            	p               	3.08973287e-01	(5.17578326e-01 8.68060540e-02 1.37712116e-20)	12	1.87960453e+00	(1.36716878e-02 4.28192099e-03 1.12356040e-19)	13
0.04            	p               	3.21702558e-01	(5.17578326e-01 8.68060540e-02 1.37712116e-20)	12	1.94590726e+00	(1.36716878e-02 4.28192099e-03 1.12356040e-19)	13
0.06            	p               	3.12396899e-01	(5.17578326e-01 8.68060540e-02 1.37712116e-20)	12	1.94255768e+00	(1.36716878e-02 4.28192099e-03 1.12356040e-19)	13
0.08            	p               	3.12127583e-01	(5.17578326e-01 8.68060540e-02 1.37712116e-20)	12	1.94250812e+00	(1.36716878e-02 4.28192099e-03 1.12356040e-19)	13
0.1             	p               	3.23708942e-01	(5.17578326e-01 8.68060540e-02 1.37712116e-20)	12	1.94352555e+00	(1.36716878e-02 4.28192099e-03 1.12356040e-19)	13
0.12            	p               	3.14762437e-01	(5.17578326e-01 8.68060540e-02 1.37712116e-20)	12	1.94395648e+00	(1.36716878e-02 4.28192099e-03 1.12356040e-19)	13
0.14            	p               	3.10060219e-01	(5.17578326e-01 8.68060540e-02 1.37712116e-20)	12	1.94716630e+00	(1.36716878e-02 4.28192099e-03 1.12356040e-19)	13
0.16            	p               	3.22241527e-01	(5.17578326e-01 8.68060540e-02 1.37712116e-20)	12	1.94782680e+00	(1.36716878e-02 4.28192099e-03 1.12356040e-19)	13
0.18            	p               	3.16669673e-01	(5.17578326e-01 8.68060540e-02 1.37712116e-20)	12	1.94670356e+00	(1.36716878e-02 4.28192099e-03 1.12356040e-19)	13
0.2             	p               	3.02707847e-01	(5.17578326e-01 8.68060540e-02 1.37712116e-20)	12	1.94201606e+00	(1.36716878e-02 4.28192099e-03 1.12356040e-19)	13
0.22            	p               	3.02703017e-01	(5.17578326e-01 8.68060540e-02 1.37712116e-20)	12	1.94303862e+00	(1.36716878e-02 4.28192099e-03 1.12356040e-19)	13
0.24            	p               	3.13760563e-01	(5.17578326e-01 8.68060540e-02 1.37712116e-20)	12	1.94335344e+00	(1.36716878e-02 4.28192099e-03 1.12356040e-19)	13
0.26            	p               	3.15783924e-01	(5.17578326e-01 8.68060540e-02 1.37712116e-20)	12	1.94620616e+00	(1.36716878e-02 4.28192099e-03 1.12356040e-19)	13
0.28            	p               	3.07086647e-01	(5.17578326e-01 8.68060540e-02 1.37712116e-20)	12	1.94808114e+00	(1.36716878e-02 4.28192099e-03 1.12356040e-19)	13
0.3             	p               	3.10340086e-01	(5.17578326e-01 8.68060540e-02 1.37712116e-20)	12	1.94678263e+00	(1.36716878e-02 4.28192099e-03 1.12356040e-19)	13
0.32            	p               	3.20662587e-01	(5.17578326e-01 8.68060540e-02 1.37712116e-20)	12	1.94269502e+00	(1.36716878e-02 4.28192099e-03 1.12356040e-19)	13
0.34            	p               	3.29257136e-01	(5.17578326e-01 8.68060540e-02 1.37712116e-20)	12	1.94284431e+00	(1.36716878e-02 4.28192099e-03 1.12356040e-19)	13
0.36            	p               	3.29698993e-01	(5.17578326e-01 8.68060540e-02 1.37712116e-20)	12	1.94310292e+00	(1.36716878e-02 4.28192099e-03 1.12356040e-19)	13
0.38            	p               	3.27061550e-01	(5.17578326e-01 8.68060540e-02 1.37712116e-20)	12	1.94493530e+00	(1.36716878e-02 4.28192099e-03 1.12356040e-19)	13
0.4             	p               	3.24487127e-01	(5.17578326e-01 8.68060540e-02 1.37712116e-20)	12	1.94793245e+00	(1.36716878e-02 4.28192099e-03 1.12356040e-19)	13
0.42            	p               	3.24613739e-01	(5.17578326e-01 8.68060540e-02 1.37712116e-20)	12	1.94764190e+00	(1.36716878e-02 4.28192099e-03 1.12356040e-19)	13
0.44            	p               	3.27980854e-01	(5.17578326e-01 8.68060540e-02 1.37712116e-20)	12	1.94400680e+00	(1.36716878e-02 4.28192099e-03 1.12356040e-19)	13
0.46            	p               	3.37288018e-01	(5.17578326e-01 8.68060540e-02 1.37712116e-20)	12	1.94221879e+00	(1.36716878e-02 4.28192099e-03 1.12356040e-19)	13
0.48            	p               	3.49021273e-01	(5.17578326e-01 8.68060540e-02 1.37712116e-20)	12	1.94314734e+00	(1.36716878e-02 4.28192099e-03 1.12356040e-19)	13
0.5             	p               	3.51512605e-01	(5.17578326e-01 8.68060540e-02 1.37712116e-20)	12	1.94390467e+00	(1.36716878e-02 4.28192099e-03 1.12356040e-19)	13
0.52            	p               	3.50555715e-01	(5.17578326e-01 8.68060540e-02 1.37712116e-20)	12	1.94714204e+00	(1.36716878e-02 4.28192099e-03 1.12356040e-19)	13
0.54            	p               	3.56139596e-01	(5.13672076e-01 8.74937552e-02 3.67731421e-18)	12	1.94805659e+00	(1.36716878e-02 4.28192099e-03 1.12356040e-19)	13
0.56            	p               	3.63512107e-01	(5.17578326e-01 8.68060540e-02 1.37712116e-20)	12	1.94573172e+00	(1.36716878e-02 4.28192099e-03 1.12356040e-19)	13
0.58            	p               	3.60145164e-01	(5.17578326e-01 8.68060540e-02 1.37712116e-20)	12	1.94204846e+00	(1.36716878e-02 4.28192099e-03 1.12356040e-19)	13
0.6             	p               	3.57998609e-01	(5.17578326e-01 8.68060540e-02 1.37712116e-20)	12	1.94307618e+00	(1.36716878e-02 4.28192099e-03 1.12356040e-19)	13
0.62            	p               	3.61732040e-01	(5.17578326e-01 8.68060540e-02 1.37712116e-20)	12	1.94329713e+00	(1.36716878e-02 4.28192099e-03 1.12356040e-19)	13
0.64            	p               	3.69628208e-01	(5.13672076e-01 8.74937552e-02 3.67731421e-18)	12	1.94598740e+00	(1.36716878e-02 4.28192099e-03 1.12356040e-19)	13
0.66            	p               	3.79181053e-01	(5.17578326e-01 8.68060540e-02 1.37712116e-20)	12	1.94817559e+00	(1.36716878e-02 4.28192099e-03 1.12356040e-19)	13
0.68            	p               	3.75300383e-01	(5.17578326e-01 8.68060540e-02 1.37712116e-20)	12	1.94698858e+00	(1.36716878e-02 4.28192099e-03 1.12356040e-19)	13
0.7             	p               	3.77836010e-01	(5.17578326e-01 8.68060540e-02 1.37712116e-20)	12	1.94273893e+00	(1.36716878e-02 4.28192099e-03 1.12356040e-19)	13
0.72            	p               	3.83249359e-01	(5.13672076e-01 8.74937552e-02 3.67731421e-18)	12	1.94269630e+00	(1.36716878e-02 4.28192099e-03 1.12356040e-19)	13
0.74            	p               	3.97255876e-01	(5.17578326e-01 8.68060540e-02 1.37712116e-20)	12	1.94311365e+00	(1.36716878e-02 4.28192099e-03 1.12356040e-19)	13
0.76            	p               	3.91227212e-01	(5.17578326e-01 8.68060540e-02 1.37712116e-20)	12	1.94477345e+00	(1.36716878e-02 4.28192099e-03 1.12356040e-19)	13
0.78            	p               	3.88292141e-01	(5.17578326e-01 8.68060540e-02 1.37712116e-20)	12	1.94785940e+00	(1.36716878e-02 4.28192099e-03 1.12356040e-19)	13
0.8             	p               	3.87623552e-01	(5.13672076e-01 8.74937552e-02 3.67731421e-18)	12	1.94770521e+00	(1.36716878e-02 4.28192099e-03 1.12356040e-19)	13
0.82            	p               	3.99044094e-01	(5.17578326e-01 8.68060540e-02 1.37712116e-20)	12	1.94424353e+00	(1.36716878e-02 4.28192099e-03 1.12356040e-19)	13
0.84            	p               	3.91090451e-01	(5.17578326e-01 8.68060540e-02 1.37712116e-20)	12	1.94217279e+00	(1.36716878e-02 4.28192099e-03 1.12356040e-19)	13
0.86            	p               	3.88483592e-01	(5.17578326e-01 8.68060540e-02 1.37712116e-20)	12	1.94314843e+00	(1.36716878e-02 4.28192099e-03 1.12356040e-19)	13
0.88            	p               	3.89045934e-01	(5.13672076e-01 8.74937552e-02 3.67731421e-18)	12	1.94380299e+00	(1.36716878e-02 4.28192099e-03 1.12356040e-19)	13
0.9             	p               	3.97263095e-01	(5.17578326e-01 8.68060540e-02 1.37712116e-20)	12	1.94701787e+00	(1.36716878e-02 4.28192099e-03 1.12356040e-19)	13
0.92            	p               	3.90002228e-01	(5.17578326e-01 8.68060540e-02 1.37712116e-20)	12	1.94807988e+00	(1.36716878e-02 4.28192099e-03 1.12356040e-19)	13
0.94            	p               	3.89219093e-01	(5.17578326e-01 8.68060540e-02 1.37712116e-20)	12	1.94590211e+00	(1.36716878e-02 4.28192099e-03 1.12356040e-19)	13
0.96            	p               	3.92402354e-01	(5.13672076e-01 8.74937552e-02 3.67731421e-18)	12	1.94208130e+00	(1.36716878e-02 4.28192099e-03 1.12356040e-19)	13
0.98            	p               	3.95185139e-01	(5.17578326e-01 8.68060540e-02 1.37712116e-20)	12	1.94305259e+00	(1.36716878e-02 4.28192099e-03 1.12356040e-19)	13
1               	p               	3.89224748e-01	(5.17578326e-01 8.68060540e-02 1.37712116e-20)	12	1.94325254e+00	(1.36716878e-02 4.28192099e-03 1.12356040e-19)	13
1.02            	p               	3.87835271e-01	(5.13672076e-01 8.74937552e-02 3.67731421e-18)	12	1.94583518e+00	(1.36716878e-02 4.28192099e-03 1.12356040e-19)	13
1.04            	p               	3.97225028e-01	(5.13672076e-01 8.74937552e-02 3.67731421e-18)	12	1.94816043e+00	(1.36716878e-02 4.28192099e-03 1.12356040e-19)	13
1.06            	p               	3.92975645e-01	(5.17578326e-01 8.68060540e-02 1.37712116e-20)	12	1.94710126e+00	(1.36716878e-02 4.28192099e-03 1.12356040e-19)	13
1.08            	p               	3.88630697e-01	(5.17578326e-01 8.68060540e-02 1.37712116e-20)	12	1.94289817e+00	(1.36716878e-02 4.28192099e-03 1.12356040e-19)	13
1.1             	p               	3.87286828e-01	(5.13672076e-01 8.74937552e-02 3.67731421e-18)	12	1.94263216e+00	(1.36716878e-02 4.28192099e-03 1.12356040e-19)	13
1.12            	p               	3.99503564e-01	(5.17578326e-01 8.68060540e-02 1.37712116e-20)	12	1.94311379e+00	(1.36716878e-02 4.28192099e-03 1.12356040e-19)	13
1.14            	p               	3.91205594e-01	(5.17578326e-01 8.68060540e-02 1.37712116e-20)	12	1.94463633e+00	(1.36716878e-02 4.28192099e-03 1.12356040e-19)	13
1.16            	p               	3.88375278e-01	(5.17578326e-01 8.68060540e-02 1.37712116e-20)	12	1.94777857e+00	(1.36716878e-02 4.28192099e-03 1.12356040e-19)	13
1.18            	p               	3.88927228e-01	(5.13672076e-01 8.74937552e-02 3.67731421e-18)	12	1.94777018e+00	(1.36716878e-02 4.28192099e-03 1.12356040e-19)	13
1.2             	p               	3.97330842e-01	(5.17578326e-01 8.68060540e-02 1.37712116e-20)	12	1.94446821e+00	(1.36716878e-02 4.28192099e-03 1.12356040e-19)	13
1.22            	p               	3.90359233e-01	(5.17578326e-01 8.68060540e-02 1.37712116e-20)	12	1.94212656e+00	(1.36716878e-02 4.28192099e-03 1.12356040e-19)	13
1.24            	p               	3.89962372e-01	(5.17578326e-01 8.68060540e-02 1.37712116e-20)	12	1.94315275e+00	(1.36716878e-02 4.28192099e-03 1.12356040e-19)	13
1.26            	p               	3.90383290e-01	(5.17578326e-01 8.68060540e-02 1.37712116e-20)	12	1.94371052e+00	(1.36716878e-02 4.28192099e-03 1.12356040e-19)	13
1.28            	p               	3.88767270e-01	(5.17578326e-01 8.68060540e-02 1.37712116e-20)	12	1.94688165e+00	(1.36716878e-02 4.28192099e-03 1.12356040e-19)	13
1.3             	p               	3.88336461e-01	(5.17578326e-01 8.68060540e-02 1.37712116e-20)	12	1.94811557e+00	(1.36716878e-02 4.28192099e-03 1.12356040e-19)	13
1.32            	p               	3.89548511e-01	(5.13672076e-01 8.74937552e-02 3.67731421e-18)	12	1.94608997e+00	(1.36716878e-02 4.28192099e-03 1.12356040e-19)	13
1.34            	p               	3.97315522e-01	(5.17578326e-01 8.68060540e-02 1.37712116e-20)	12	1.94212832e+00	(1.36716878e-02 4.28192099e-03 1.12356040e-19)	13
1.36            	p               	3.89989795e-01	(5.17578326e-01 8.68060540e-02 1.37712116e-20)	12	1.94302092e+00	(1.36716878e-02 4.28192099e-03 1.12356040e-19)	13
1.38            	p               	3.89168567e-01	(5.17578326e-01 8.68060540e-02 1.37712116e-20)	12	1.94321445e+00	(1.36716878e-02 4.28192099e-03 1.12356040e-19)	13
1.4             	p               	3.92336589e-01	(5.13672076e-01 8.74937552e-02 3.67731421e-18)	12	1.94567985e+00	(1.36716878e-02 4.28192099e-03 1.12356040e-19)	13
1.42            	p               	3.95081515e-01	(5.17578326e-01 8.68060540e-02 1.37712116e-20)	12	1.94814841e+00	(1.36716878e-02 4.28192099e-03 1.12356040e-19)	13
1.44            	p               	3.89165871e-01	(5.17578326e-01 8.68060540e-02 1.37712116e-20)	12	1.94720972e+00	(1.36716878e-02 4.28192099e-03 1.12356040e-19)	13
1.46            	p               	3.87831237e-01	(5.13672076e-01 8.74937552e-02 3.67731421e-18)	12	1.94306021e+00	(1.36716878e-02 4.28192099e-03 1.12356040e-19)	13
1.48            	p               	3.97417945e-01	(5.13672076e-01 8.74937552e-02 3.67731421e-18)	12	1.94256659e+00	(1.36716878e-02 4.28192099e-03 1.12356040e-19)	13
1.5             	p               	3.92964989e-01	(5.17578326e-01 8.68060540e-02 1.37712116e-20)	12	1.94311263e+00	(1.36716878e-02 4.28192099e-03 1.12356040e-19)	13
1.52            	p               	3.88543862e-01	(5.17578326e-01 8.68060540e-02 1.37712116e-20)	12	1.94450211e+00	(1.36716878e-02 4.28192099e-03 1.12356040e-19)	13
1.54            	p               	3.87228655e-01	(5.13672076e-01 8.74937552e-02 3.67731421e-18)	12	1.94769714e+00	(1.36716878e-02 4.28192099e-03 1.12356040e-19)	13
1.56            	p               	3.99345256e-01	(5.17578326e-01 8.68060540e-02 1.37712116e-20)	12	1.94782249e+00	(1.36716878e-02 4.28192099e-03 1.12356040e-19)	13
1.58            	p               	3.91137299e-01	(5.17578326e-01 8.68060540e-02 1.37712116e-20)	12	1.94467915e+00	(1.36716878e-02 4.28192099e-03 1.12356040e-19)	13
1.6             	p               	3.88466043e-01	(5.17578326e-01 8.68060540e-02 1.37712116e-20)	12	1.94208727e+00	(1.36716878e-02 4.28192099e-03 1.12356040e-19)	13
1.62            	p               	3.89261313e-01	(5.13672076e-01 8.74937552e-02 3.67731421e-18)	12	1.94314624e+00	(1.36716878e-02 4.28192099e-03 1.12356040e-19)	13
1.64            	p               	3.96970334e-01	(5.17578326e-01 8.68060540e-02 1.37712116e-20)	12	1.94362520e+00	(1.36716878e-02 4.28192099e-03 1.12356040e-19)	13
1.66            	p               	3.89790266e-01	(5.17578326e-01 8.68060540e-02 1.37712116e-20)	12	1.94674365e+00	(1.36716878e-02 4.28192099e-03 1.12356040e-19)	13
1.68            	p               	3.89545251e-01	(5.13672076e-01 8.74937552e-02 3.67731421e-18)	12	1.94813315e+00	(1.36716878e-02 4.28192099e-03 1.12356040e-19)	13
1.7             	p               	3.93729292e-01	(5.13672076e-01 8.74937552e-02 3.67731421e-18)	12	1.94626026e+00	(1.36716878e-02 4.28192099e-03 1.12356040e-19)	13
1.72            	p               	3.94420639e-01	(5.17578326e-01 8.68060540e-02 1.37712116e-20)	12	1.94218939e+00	(1.36716878e-02 4.28192099e-03 1.12356040e-19)	13
1.74            	p               	3.89008185e-01	(5.17578326e-01 8.68060540e-02 1.37712116e-20)	12	1.94297296e+00	(1.36716878e-02 4.28192099e-03 1.12356040e-19)	13
1.76            	p               	3.87370475e-01	(5.13672076e-01 8.74937552e-02 3.67731421e-18)	12	1.94318576e+00	(1.36716878e-02 4.28192099e-03 1.12356040e-19)	13
1.78            	p               	3.99498750e-01	(5.13672076e-01 8.74937552e-02 3.67731421e-18)	12	1.94552480e+00	(1.36716878e-02 4.28192099e-03 1.12356040e-19)	13
1.8             	p               	3.92131218e-01	(5.17578326e-01 8.68060540e-02 1.37712116e-20)	12	1.94811693e+00	(1.36716878e-02 4.28192099e-03 1.12356040e-19)	13
1.82            	p               	3.88420743e-01	(5.17578326e-01 8.68060540e-02 1.37712116e-20)	12	1.94731024e+00	(1.36716878e-02 4.28192099e-03 1.12356040e-19)	13
1.84            	p               	3.87710360e-01	(5.13672076e-01 8.74937552e-02 3.67731421e-18)	12	1.94323225e+00	(1.36716878e-02 4.28192099e-03 1.12356040e-19)	13
1.86            	p               	3.98548983e-01	(5.17578326e-01 8.68060540e-02 1.37712116e-20)	12	1.94249022e+00	(1.36716878e-02 4.28192099e-03 1.12356040e-19)	13
1.88            	p               	3.90581367e-01	(5.17578326e-01 8.68060540e-02 1.37712116e-20)	12	1.94312089e+00	(1.36716878e-02 4.28192099e-03 1.12356040e-19)	13
1.9             	p               	3.88661339e-01	(5.17578326e-01 8.68060540e-02 1.37712116e-20)	12	1.94437081e+00	(1.36716878e-02 4.28192099e-03 1.12356040e-19)	13
1.92            	p               	3.90807489e-01	(5.13672076e-01 8.74937552e-02 3.67731421e-18)	12	1.94760158e+00	(1.36716878e-02 4.28192099e-03 1.12356040e-19)	13
1.94            	p               	3.95836160e-01	(5.17578326e-01 8.68060540e-02 1.37712116e-20)	12	1.94787786e+00	(1.36716878e-02 4.28192099e-03 1.12356040e-19)	13
1.96            	p               	3.89424187e-01	(5.17578326e-01 8.68060540e-02 1.37712116e-20)	12	1.94488733e+00	(1.36716878e-02 4.28192099e-03 1.12356040e-19)	13
1.98            	p               	3.88358884e-01	(5.13672076e-01 8.74937552e-02 3.67731421e-18)	12	1.94205312e+00	(1.36716878e-02 4.28192099e-03 1.12356040e-19)	13
2               	p               	3.96119194e-01	(5.13672076e-01 8.74937552e-02 3.67731421e-18)	12	1.94314882e+00	(1.36716878e-02 4.28192099e-03 1.12356040e-19)	13
2.02            	p               	3.93366887e-01	(5.17578326e-01 8.68060540e-02 1.37712116e-20)	12	1.94354400e+00	(1.36716878e-02 4.28192099e-03 1.12356040e-19)	13
2.04            	p               	3.88628785e-01	(5.17578326e-01 8.68060540e-02 1.37712116e-20)	12	1.94660096e+00	(1.36716878e-02 4.28192099e-03 1.12356040e-19)	13
2.06            	p               	3.87142954e-01	(5.13672076e-01 8.74937552e-02 3.67731421e-18)	12	1.94815496e+00	(1.36716878e-02 4.28192099e-03 1.12356040e-19)	13
2.08            	p               	3.99704762e-01	(5.17578326e-01 8.68060540e-02 1.37712116e-20)	12	1.94641892e+00	(1.36716878e-02 4.28192099e-03 1.12356040e-19)	13
2.1             	p               	3.91423115e-01	(5.17578326e-01 8.68060540e-02 1.37712116e-20)	12	1.94227170e+00	(1.36716878e-02 4.28192099e-03 1.12356040e-19)	13
2.12            	p               	3.88434841e-01	(5.17578326e-01 8.68060540e-02 1.37712116e-20)	12	1.94293642e+00	(1.36716878e-02 4.28192099e-03 1.12356040e-19)	13
2.14            	p               	3.88728982e-01	(5.13672076e-01 8.74937552e-02 3.67731421e-18)	12	1.94315908e+00	(1.36716878e-02 4.28192099e-03 1.12356040e-19)	13
2.16            	p               	3.97334604e-01	(5.17578326e-01 8.68060540e-02 1.37712116e-20)	12	1.94537366e+00	(1.36716878e-02 4.28192099e-03 1.12356040e-19)	13
2.18            	p               	3.89940089e-01	(5.17578326e-01 8.68060540e-02 1.37712116e-20)	12	1.94808343e+00	(1.36716878e-02 4.28192099e-03 1.12356040e-19)	13
2.2             	p               	3.89326105e-01	(5.17578326e-01 8.68060540e-02 1.37712116e-20)	12	1.94740016e+00	(1.36716878e-02 4.28192099e-03 1.12356040e-19)	13
2.22            	p               	3.92980957e-01	(5.13672076e-01 8.74937552e-02 3.67731421e-18)	12	1.94342898e+00	(1.36716878e-02 4.28192099e-03 1.12356040e-19)	13
2.24            	p               	3.94777728e-01	(5.17578326e-01 8.68060540e-02 1.37712116e-20)	12	1.94242991e+00	(1.36716878e-02 4.28192099e-03 1.12356040e-19)	13
2.26            	p               	3.89073993e-01	(5.17578326e-01 8.68060540e-02 1.37712116e-20)	12	1.94312411e+00	(1.36716878e-02 4.28192099e-03 1.12356040e-19)	13
2.28            	p               	3.87452215e-01	(5.13672076e-01 8.74937552e-02 3.67731421e-18)	12	1.94424858e+00	(1.36716878e-02 4.28192099e-03 1.12356040e-19)	13
2.3             	p               	3.98650225e-01	(5.13672076e-01 8.74937552e-02 3.67731421e-18)	12	1.94749944e+00	(1.36716878e-02 4.28192099e-03 1.12356040e-19)	13
2.32            	p               	3.92354361e-01	(5.17578326e-01 8.68060540e-02 1.37712116e-20)	12	1.94792675e+00	(1.36716878e-02 4.28192099e-03 1.12356040e-19)	13
2.34            	p               	3.88454082e-01	(5.17578326e-01 8.68060540e-02 1.37712116e-20)	12	1.94511009e+00	(1.36716878e-02 4.28192099e-03 1.12356040e-19)	13
2.36            	p               	3.87511156e-01	(5.13672076e-01 8.74937552e-02 3.67731421e-18)	12	1.94203575e+00	(1.36716878e-02 4.28192099e-03 1.12356040e-19)	13
2.38            	p               	3.98843990e-01	(5.17578326e-01 8.68060540e-02 1.37712116e-20)	12	1.94313661e+00	(1.36716878e-02 4.28192099e-03 1.12356040e-19)	13
2.4             	p               	3.90669245e-01	(5.17578326e-01 8.68060540e-02 1.37712116e-20)	12	1.94347336e+00	(1.36716878e-02 4.28192099e-03 1.12356040e-19)	13
2.42            	p               	3.88507984e-01	(5.17578326e-01 8.68060540e-02 1.37712116e-20)	12	1.94645226e+00	(1.36716878e-02 4.28192099e-03 1.12356040e-19)	13
2.44            	p               	3.90273303e-01	(5.13672076e-01 8.74937552e-02 3.67731421e-18)	12	1.94817070e+00	(1.36716878e-02 4.28192099e-03 1.12356040e-19)	13
2.46            	p               	3.96089595e-01	(5.17578326e-01 8.68060540e-02 1.37712116e-20)	12	1.94657990e+00	(1.36716878e-02 4.28192099e-03 1.12356040e-19)	13
2.48            	p               	3.89511759e-01	(5.17578326e-01 8.68060540e-02 1.37712116e-20)	12	1.94236014e+00	(1.36716878e-02 4.28192099e-03 1.12356040e-19)	13
2.5             	p               	3.88629734e-01	(5.13672076e-01 8.74937552e-02 3.67731421e-18)	12	1.94288030e+00	(1.36716878e-02 4.28192099e-03 1.12356040e-19)	13
2.52            	p               	3.95444512e-01	(5.13672076e-01 8.74937552e-02 3.67731421e-18)	12	1.94314073e+00	(1.36716878e-02 4.28192099e-03 1.12356040e-19)	13
2.54            	p               	3.93545134e-01	(5.17578326e-01 8.68060540e-02 1.37712116e-20)	12	1.94522023e+00	(1.36716878e-02 4.28192099e-03 1.12356040e-19)	13
2.56            	p               	3.88622035e-01	(5.17578326e-01 8.68060540e-02 1.37712116e-20)	12	1.94804287e+00	(1.36716878e-02 4.28192099e-03 1.12356040e-19)	13
2.58            	p               	3.87075369e-01	(5.13672076e-01 8.74937552e-02 3.67731421e-18)	12	1.94748574e+00	(1.36716878e-02 4.28192099e-03 1.12356040e-19)	13
2.6             	p               	3.99842298e-01	(5.17578326e-01 8.68060540e-02 1.37712116e-20)	12	1.94361209e+00	(1.36716878e-02 4.28192099e-03 1.12356040e-19)	13
2.62            	p               	3.91589513e-01	(5.17578326e-01 8.68060540e-02 1.37712116e-20)	12	1.94235757e+00	(1.36716878e-02 4.28192099e-03 1.12356040e-19)	13
2.64            	p               	3.88389310e-01	(5.17578326e-01 8.68060540e-02 1.37712116e-20)	12	1.94313032e+00	(1.36716878e-02 4.28192099e-03 1.12356040e-19)	13
2.66            	p               	3.88396053e-01	(5.13672076e-01 8.74937552e-02 3.67731421e-18)	12	1.94412829e+00	(1.36716878e-02 4.28192099e-03 1.12356040e-19)	13
2.68            	p               	3.97554254e-01	(5.17578326e-01 8.68060540e-02 1.37712116e-20)	12	1.94739243e+00	(1.36716878e-02 4.28192099e-03 1.12356040e-19)	13
2.7             	p               	3.90008811e-01	(5.17578326e-01 8.68060540e-02 1.37712116e-20)	12	1.94796751e+00	(1.36716878e-02 4.28192099e-03 1.12356040e-19)	13
2.72            	p               	3.89063410e-01	(5.17578326e-01 8.68060540e-02 1.37712116e-20)	12	1.94530561e+00	(1.36716878e-02 4.28192099e-03 1.12356040e-19)	13
2.74            	p               	3.92406283e-01	(5.13672076e-01 8.74937552e-02 3.67731421e-18)	12	1.94202549e+00	(1.36716878e-02 4.28192099e-03 1.12356040e-19)	13
2.76            	p               	3.95012809e-01	(5.17578326e-01 8.68060540e-02 1.37712116e-20)	12	1.94312261e+00	(1.36716878e-02 4.28192099e-03 1.12356040e-19)	13
2.78            	p               	3.89087236e-01	(5.17578326e-01 8.68060540e-02 1.37712116e-20)	12	1.94340788e+00	(1.36716878e-02 4.28192099e-03 1.12356040e-19)	13
2.8             	p               	3.87579616e-01	(5.13672076e-01 8.74937552e-02 3.67731421e-18)	12	1.94630353e+00	(1.36716878e-02 4.28192099e-03 1.12356040e-19)	13
2.82            	p               	3.98099314e-01	(5.13672076e-01 8.74937552e-02 3.67731421e-18)	12	1.94817372e+00	(1.36716878e-02 4.28192099e-03 1.12356040e-19)	13
2.84            	p               	3.92320396e-01	(5.17578326e-01 8.68060540e-02 1.37712116e-20)	12	1.94671846e+00	(1.36716878e-02 4.28192099e-03 1.12356040e-19)	13
2.86            	p               	3.88332544e-01	(5.17578326e-01 8.68060540e-02 1.37712116e-20)	12	1.94247339e+00	(1.36716878e-02 4.28192099e-03 1.12356040e-19)	13
2.88            	p               	3.87572869e-01	(5.13672076e-01 8.74937552e-02 3.67731421e-18)	12	1.94282321e+00	(1.36716878e-02 4.28192099e-03 1.12356040e-19)	13
2.9             	p               	3.99005819e-01	(5.17578326e-01 8.68060540e-02 1.37712116e-20)	12	1.94312828e+00	(1.36716878e-02 4.28192099e-03 1.12356040e-19)	13
2.92            	p               	3.90685512e-01	(5.17578326e-01 8.68060540e-02 1.37712116e-20)	12	1.94507125e+00	(1.36716878e-02 4.28192099e-03 1.12356040e-19)	13
2.94            	p               	3.88459092e-01	(5.17578326e-01 8.68060540e-02 1.37712116e-20)	12	1.94798706e+00	(1.36716878e-02 4.28192099e-03 1.12356040e-19)	13
2.96            	p               	3.90116540e-01	(5.13672076e-01 8.74937552e-02 3.67731421e-18)	12	1.94756603e+00	(1.36716878e-02 4.28192099e-03 1.12356040e-19)	13
2.98            	p               	3.96173043e-01	(5.17578326e-01 8.68060540e-02 1.37712116e-20)	12	1.94382170e+00	(1.36716878e-02 4.28192099e-03 1.12356040e-19)	13
3               	p               	3.89503171e-01	(5.17578326e-01 8.68060540e-02 1.37712116e-20)	12	1.94229173e+00	(1.36716878e-02 4.28192099e-03 1.12356040e-19)	13
3.02            	p               	3.88642259e-01	(5.13672076e-01 8.74937552e-02 3.67731421e-18)	12	1.94314008e+00	(1.36716878e-02 4.28192099e-03 1.12356040e-19)	13
3.04            	p               	3.95363510e-01	(5.13672076e-01 8.74937552e-02 3.67731421e-18)	12	1.94401485e+00	(1.36716878e-02 4.28192099e-03 1.12356040e-19)	13
3.06            	p               	3.93573307e-01	(5.17578326e-01 8.68060540e-02 1.37712116e-20)	12	1.94727344e+00	(1.36716878e-02 4.28192099e-03 1.12356040e-19)	13
3.08            	p               	3.88654876e-01	(5.17578326e-01 8.68060540e-02 1.37712116e-20)	12	1.94801505e+00	(1.36716878e-02 4.28192099e-03 1.12356040e-19)	13
3.1             	p               	3.87117005e-01	(5.13672076e-01 8.74937552e-02 3.67731421e-18)	12	1.94551387e+00	(1.36716878e-02 4.28192099e-03 1.12356040e-19)	13
3.12            	p               	3.99868733e-01	(5.17578326e-01 8.68060540e-02 1.37712116e-20)	12	1.94202957e+00	(1.36716878e-02 4.28192099e-03 1.12356040e-19)	13
3.14            	p               	3.91568538e-01	(5.17578326e-01 8.68060540e-02 1.37712116e-20)	12	1.94310959e+00	(1.36716878e-02 4.28192099e-03 1.12356040e-19)	13
3.16            	p               	3.88336819e-01	(5.17578326e-01 8.68060540e-02 1.37712116e-20)	12	1.94334850e+00	(1.36716878e-02 4.28192099e-03 1.12356040e-19)	13
3.18            	p               	3.88370481e-01	(5.13672076e-01 8.74937552e-02 3.67731421e-18)	12	1.94615009e+00	(1.36716878e-02 4.28192099e-03 1.12356040e-19)	13
3.2             	p               	3.97534485e-01	(5.17578326e-01 8.68060540e-02 1.37712116e-20)	12	1.94818275e+00	(1.36716878e-02 4.28192099e-03 1.12356040e-19)	13
3.22            	p               	3.90041346e-01	(5.17578326e-01 8.68060540e-02 1.37712116e-20)	12	1.94685483e+00	(1.36716878e-02 4.28192099e-03 1.12356040e-19)	13
3.24            	p               	3.89117589e-01	(5.17578326e-01 8.68060540e-02 1.37712116e-20)	12	1.94260001e+00	(1.36716878e-02 4.28192099e-03 1.12356040e-19)	13
3.26            	p               	3.92484264e-01	(5.13672076e-01 8.74937552e-02 3.67731421e-18)	12	1.94276898e+00	(1.36716878e-02 4.28192099e-03 1.12356040e-19)	13
3.28            	p               	3.94928200e-01	(5.17578326e-01 8.68060540e-02 1.37712116e-20)	12	1.94311678e+00	(1.36716878e-02 4.28192099e-03 1.12356040e-19)	13
3.3             	p               	3.89035363e-01	(5.17578326e-01 8.68060540e-02 1.37712116e-20)	12	1.94492491e+00	(1.36716878e-02 4.28192099e-03 1.12356040e-19)	13
3.32            	p               	3.87558393e-01	(5.13672076e-01 8.74937552e-02 3.67731421e-18)	12	1.94793087e+00	(1.36716878e-02 4.28192099e-03 1.12356040e-19)	13
3.34            	p               	3.98180041e-01	(5.13672076e-01 8.74937552e-02 3.67731421e-18)	12	1.94763596e+00	(1.36716878e-02 4.28192099e-03 1.12356040e-19)	13
3.36            	p               	3.92556029e-01	(5.17578326e-01 8.68060540e-02 1.37712116e-20)	12	1.94403418e+00	(1.36716878e-02 4.28192099e-03 1.12356040e-19)	13
3.38            	p               	3.88479768e-01	(5.17578326e-01 8.68060540e-02 1.37712116e-20)	12	1.94223536e+00	(1.36716878e-02 4.28192099e-03 1.12356040e-19)	13
3.4             	p               	3.87372981e-01	(5.13672076e-01 8.74937552e-02 3.67731421e-18)	12	1.94314130e+00	(1.36716878e-02 4.28192099e-03 1.12356040e-19)	13
3.42            	p               	3.98892995e-01	(5.17578326e-01 8.68060540e-02 1.37712116e-20)	12	1.94390911e+00	(1.36716878e-02 4.28192099e-03 1.12356040e-19)	13
3.44            	p               	3.90724680e-01	(5.17578326e-01 8.68060540e-02 1.37712116e-20)	12	1.94715089e+00	(1.36716878e-02 4.28192099e-03 1.12356040e-19)	13
3.46            	p               	3.88483609e-01	(5.17578326e-01 8.68060540e-02 1.37712116e-20)	12	1.94804836e+00	(1.36716878e-02 4.28192099e-03 1.12356040e-19)	13
3.48            	p               	3.89977828e-01	(5.13672076e-01 8.74937552e-02 3.67731421e-18)	12	1.94571492e+00	(1.36716878e-02 4.28192099e-03 1.12356040e-19)	13
3.5             	p               	3.96376511e-01	(5.17578326e-01 8.68060540e-02 1.37712116e-20)	12	1.94204684e+00	(1.36716878e-02 4.28192099e-03 1.12356040e-19)	13
3.52            	p               	3.89579832e-01	(5.17578326e-01 8.68060540e-02 1.37712116e-20)	12	1.94307922e+00	(1.36716878e-02 4.28192099e-03 1.12356040e-19)	13
3.54            	p               	3.88785871e-01	(5.13672076e-01 8.74937552e-02 3.67731421e-18)	12	1.94329914e+00	(1.36716878e-02 4.28192099e-03 1.12356040e-19)	13
3.56            	p               	3.94977574e-01	(5.13672076e-01 8.74937552e-02 3.67731421e-18)	12	1.94599424e+00	(1.36716878e-02 4.28192099e-03 1.12356040e-19)	13
3.58            	p               	3.93717335e-01	(5.17578326e-01 8.68060540e-02 1.37712116e-20)	12	1.94817580e+00	(1.36716878e-02 4.28192099e-03 1.12356040e-19)	13
3.6             	p               	3.88730729e-01	(5.17578326e-01 8.68060540e-02 1.37712116e-20)	12	1.94698352e+00	(1.36716878e-02 4.28192099e-03 1.12356040e-19)	13
3.62            	p               	3.87168336e-01	(5.13672076e-01 8.74937552e-02 3.67731421e-18)	12	1.94273211e+00	(1.36716878e-02 4.28192099e-03 1.12356040e-19)	13
3.64            	p               	4.00010414e-01	(5.17578326e-01 8.68060540e-02 1.37712116e-20)	12	1.94269728e+00	(1.36716878e-02 4.28192099e-03 1.12356040e-19)	13
3.66            	p               	3.91658768e-01	(5.17578326e-01 8.68060540e-02 1.37712116e-20)	12	1.94311452e+00	(1.36716878e-02 4.28192099e-03 1.12356040e-19)	13
3.68            	p               	3.88286323e-01	(5.17578326e-01 8.68060540e-02 1.37712116e-20)	12	1.94477917e+00	(1.36716878e-02 4.28192099e-03 1.12356040e-19)	13
3.7             	p               	3.88168123e-01	(5.13672076e-01 8.74937552e-02 3.67731421e-18)	12	1.94786172e+00	(1.36716878e-02 4.28192099e-03 1.12356040e-19)	13
3.72            	p               	3.97967434e-01	(5.17578326e-01 8.68060540e-02 1.37712116e-20)	12	1.94770319e+00	(1.36716878e-02 4.28192099e-03 1.12356040e-19)	13
3.74            	p               	3.90892690e-01	(5.17578326e-01 8.68060540e-02 1.37712116e-20)	12	1.94423541e+00	(1.36716878e-02 4.28192099e-03 1.12356040e-19)	13
3.76            	p               	3.89993479e-01	(5.17578326e-01 8.68060540e-02 1.37712116e-20)	12	1.94217440e+00	(1.36716878e-02 4.28192099e-03 1.12356040e-19)	13
3.78            	p               	3.90390817e-01	(5.17578326e-01 8.68060540e-02 1.37712116e-20)	12	1.94314934e+00	(1.36716878e-02 4.28192099e-03 1.12356040e-19)	13
3.8             	p               	3.88370937e-01	(5.17578326e-01 8.68060540e-02 1.37712116e-20)	12	1.94380667e+00	(1.36716878e-02 4.28192099e-03 1.12356040e-19)	13
3.82            	p               	3.88835942e-01	(5.17578326e-01 8.68060540e-02 1.37712116e-20)	12	1.94702312e+00	(1.36716878e-02 4.28192099e-03 1.12356040e-19)	13
3.84            	p               	3.90972257e-01	(5.13672076e-01 8.74937552e-02 3.67731421e-18)	12	1.94807965e+00	(1.36716878e-02 4.28192099e-03 1.12356040e-19)	13
3.86            	p               	3.96351079e-01	(5.17578326e-01 8.68060540e-02 1.37712116e-20)	12	1.94589473e+00	(1.36716878e-02 4.28192099e-03 1.12356040e-19)	13
3.88            	p               	3.89557069e-01	(5.17578326e-01 8.68060540e-02 1.37712116e-20)	12	1.94207986e+00	(1.36716878e-02 4.28192099e-03 1.12356040e-19)	13
3.9             	p               	3.89308168e-01	(5.13672076e-01 8.74937552e-02 3.67731421e-18)	12	1.94305544e+00	(1.36716878e-02 4.28192099e-03 1.12356040e-19)	13
3.92            	p               	3.93857228e-01	(5.13672076e-01 8.74937552e-02 3.67731421e-18)	12	1.94325383e+00	(1.36716878e-02 4.28192099e-03 1.12356040e-19)	13
3.94            	p               	3.94286900e-01	(5.17578326e-01 8.68060540e-02 1.37712116e-20)	12	1.94584146e+00	(1.36716878e-02 4.28192099e-03 1.12356040e-19)	13
3.96            	p               	3.88856099e-01	(5.17578326e-01 8.68060540e-02 1.37712116e-20)	12	1.94816203e+00	(1.36716878e-02 4.28192099e-03 1.12356040e-19)	13
3.98            	p               	3.87377284e-01	(5.13672076e-01 8.74937552e-02 3.67731421e-18)	12	1.94709639e+00	(1.36716878e-02 4.28192099e-03 1.12356040e-19)	13
4               	p               	3.99031875e-01	(5.13672076e-01 8.74937552e-02 3.67731421e-18)	12	1.94289278e+00	(1.36716878e-02 4.28192099e-03 1.12356040e-19)	13
4.02            	p               	3.92377792e-01	(5.17578326e-01 8.68060540e-02 1.37712116e-20)	12	1.94263648e+00	(1.36716878e-02 4.28192099e-03 1.12356040e-19)	13
4.04            	p               	3.88438801e-01	(5.17578326e-01 8.68060540e-02 1.37712116e-20)	12	1.94311331e+00	(1.36716878e-02 4.28192099e-03 1.12356040e-19)	13
4.06            	p               	3.87448029e-01	(5.13672076e-01 8.74937552e-02 3.67731421e-18)	12	1.94464189e+00	(1.36716878e-02 4.28192099e-03 1.12356040e-19)	13
4.08            	p               	3.98655098e-01	(5.17578326e-01 8.68060540e-02 1.37712116e-20)	12	1.94778241e+00	(1.36716878e-02 4.28192099e-03 1.12356040e-19)	13
4.1             	p               	3.90643085e-01	(5.17578326e-01 8.68060540e-02 1.37712116e-20)	12	1.94776695e+00	(1.36716878e-02 4.28192099e-03 1.12356040e-19)	13
4.12            	p               	3.88559882e-01	(5.17578326e-01 8.68060540e-02 1.37712116e-20)	12	1.94446110e+00	(1.36716878e-02 4.28192099e-03 1.12356040e-19)	13
4.14            	p               	3.90203204e-01	(5.13672076e-01 8.74937552e-02 3.67731421e-18)	12	1.94212924e+00	(1.36716878e-02 4.28192099e-03 1.12356040e-19)	13
4.16            	p               	3.96284180e-01	(5.17578326e-01 8.68060540e-02 1.37712116e-20)	12	1.94315198e+00	(1.36716878e-02 4.28192099e-03 1.12356040e-19)	13
4.18            	p               	3.89494860e-01	(5.17578326e-01 8.68060540e-02 1.37712116e-20)	12	1.94371423e+00	(1.36716878e-02 4.28192099e-03 1.12356040e-19)	13
4.2             	p               	3.88644199e-01	(5.13672076e-01 8.74937552e-02 3.67731421e-18)	12	1.94688727e+00	(1.36716878e-02 4.28192099e-03 1.12356040e-19)	13
4.22            	p               	3.95104447e-01	(5.13672076e-01 8.74937552e-02 3.67731421e-18)	12	1.94811359e+00	(1.36716878e-02 4.28192099e-03 1.12356040e-19)	13
4.24            	p               	3.93700789e-01	(5.17578326e-01 8.68060540e-02 1.37712116e-20)	12	1.94608420e+00	(1.36716878e-02 4.28192099e-03 1.12356040e-19)	13
4.26            	p               	3.88781480e-01	(5.17578326e-01 8.68060540e-02 1.37712116e-20)	12	1.94212547e+00	(1.36716878e-02 4.28192099e-03 1.12356040e-19)	13
4.28            	p               	3.87178410e-01	(5.13672076e-01 8.74937552e-02 3.67731421e-18)	12	1.94302129e+00	(1.36716878e-02 4.28192099e-03 1.12356040e-19)	13
4.3             	p               	3.99980860e-01	(5.17578326e-01 8.68060540e-02 1.37712116e-20)	12	1.94321605e+00	(1.36716878e-02 4.28192099e-03 1.12356040e-19)	13
4.32            	p               	3.91563411e-01	(5.17578326e-01 8.68060540e-02 1.37712116e-20)	12	1.94568588e+00	(1.36716878e-02 4.28192099e-03 1.12356040e-19)	13
4.34            	p               	3.88256482e-01	(5.17578326e-01 8.68060540e-02 1.37712116e-20)	12	1.94814882e+00	(1.36716878e-02 4.28192099e-03 1.12356040e-19)	13
4.36            	p               	3.88194539e-01	(5.13672076e-01 8.74937552e-02 3.67731421e-18)	12	1.94720612e+00	(1.36716878e-02 4.28192099e-03 1.12356040e-19)	13
4.38            	p               	3.97803229e-01	(5.17578326e-01 8.68060540e-02 1.37712116e-20)	12	1.94305117e+00	(1.36716878e-02 4.28192099e-03 1.12356040e-19)	13
4.4             	p               	3.90199000e-01	(5.17578326e-01 8.68060540e-02 1.37712116e-20)	12	1.94256811e+00	(1.36716878e-02 4.28192099e-03 1.12356040e-19)	13
4.42            	p               	3.89036262e-01	(5.17578326e-01 8.68060540e-02 1.37712116e-20)	12	1.94311300e+00	(1.36716878e-02 4.28192099e-03 1.12356040e-19)	13
4.44            	p               	3.92052488e-01	(5.13672076e-01 8.74937552e-02 3.67731421e-18)	12	1.94450712e+00	(1.36716878e-02 4.28192099e-03 1.12356040e-19)	13
4.46            	p               	3.95042389e-01	(5.17578326e-01 8.68060540e-02 1.37712116e-20)	12	1.94770095e+00	(1.36716878e-02 4.28192099e-03 1.12356040e-19)	13
4.48            	p               	3.89069541e-01	(5.17578326e-01 8.68060540e-02 1.37712116e-20)	12	1.94781997e+00	(1.36716878e-02 4.28192099e-03 1.12356040e-19)	13
4.5             	p               	3.87707701e-01	(5.13672076e-01 8.74937552e-02 3.67731421e-18)	12	1.94466792e+00	(1.36716878e-02 4.28192099e-03 1.12356040e-19)	13
4.52            	p               	3.97639285e-01	(5.13672076e-01 8.74937552e-02 3.67731421e-18)	12	1.94208808e+00	(1.36716878e-02 4.28192099e-03 1.12356040e-19)	13
4.54            	p               	3.92790473e-01	(5.17578326e-01 8.68060540e-02 1.37712116e-20)	12	1.94314721e+00	(1.36716878e-02 4.28192099e-03 1.12356040e-19)	13
4.56            	p               	3.88491028e-01	(5.17578326e-01 8.68060540e-02 1.37712116e-20)	12	1.94362823e+00	(1.36716878e-02 4.28192099e-03 1.12356040e-19)	13
4.58            	p               	3.87243508e-01	(5.13672076e-01 8.74937552e-02 3.67731421e-18)	12	1.94675014e+00	(1.36716878e-02 4.28192099e-03 1.12356040e-19)	13
4.6             	p               	3.98695282e-01	(5.17578326e-01 8.68060540e-02 1.37712116e-20)	12	1.94813138e+00	(1.36716878e-02 4.28192099e-03 1.12356040e-19)	13
4.62            	p               	3.90283459e-01	(5.17578326e-01 8.68060540e-02 1.37712116e-20)	12	1.94625182e+00	(1.36716878e-02 4.28192099e-03 1.12356040e-19)	13
4.64            	p               	3.88265163e-01	(5.17578326e-01 8.68060540e-02 1.37712116e-20)	12	1.94218712e+00	(1.36716878e-02 4.28192099e-03 1.12356040e-19)	13
4.66            	p               	3.89742147e-01	(5.13672076e-01 8.74937552e-02 3.67731421e-18)	12	1.94297585e+00	(1.36716878e-02 4.28192099e-03 1.12356040e-19)	13
4.68            	p               	3.96486276e-01	(5.17578326e-01 8.68060540e-02 1.37712116e-20)	12	1.94318664e+00	(1.36716878e-02 4.28192099e-03 1.12356040e-19)	13
4.7             	p               	3.89531306e-01	(5.17578326e-01 8.68060540e-02 1.37712116e-20)	12	1.94553202e+00	(1.36716878e-02 4.28192099e-03 1.12356040e-19)	13
4.72            	p               	3.88783120e-01	(5.13672076e-01 8.74937552e-02 3.67731421e-18)	12	1.94811720e+00	(1.36716878e-02 4.28192099e-03 1.12356040e-19)	13
4.74            	p               	3.94883204e-01	(5.13672076e-01 8.74937552e-02 3.67731421e-18)	12	1.94730628e+00	(1.36716878e-02 4.28192099e-03 1.12356040e-19)	13
4.76            	p               	3.93753704e-01	(5.17578326e-01 8.68060540e-02 1.37712116e-20)	12	1.94322650e+00	(1.36716878e-02 4.28192099e-03 1.12356040e-19)	13
4.78            	p               	3.88790794e-01	(5.17578326e-01 8.68060540e-02 1.37712116e-20)	12	1.94249407e+00	(1.36716878e-02 4.28192099e-03 1.12356040e-19)	13
4.8             	p               	3.87166854e-01	(5.13672076e-01 8.74937552e-02 3.67731421e-18)	12	1.94312059e+00	(1.36716878e-02 4.28192099e-03 1.12356040e-19)	13
4.82            	p               	3.99986231e-01	(5.17578326e-01 8.68060540e-02 1.37712116e-20)	12	1.94437681e+00	(1.36716878e-02 4.28192099e-03 1.12356040e-19)	13
4.84            	p               	3.91591538e-01	(5.17578326e-01 8.68060540e-02 1.37712116e-20)	12	1.94760491e+00	(1.36716878e-02 4.28192099e-03 1.12356040e-19)	13
4.86            	p               	3.88272760e-01	(5.17578326e-01 8.68060540e-02 1.37712116e-20)	12	1.94787698e+00	(1.36716878e-02 4.28192099e-03 1.12356040e-19)	13
4.88            	p               	3.88173734e-01	(5.13672076e-01 8.74937552e-02 3.67731421e-18)	12	1.94488035e+00	(1.36716878e-02 4.28192099e-03 1.12356040e-19)	13
4.9             	p               	3.97800776e-01	(5.17578326e-01 8.68060540e-02 1.37712116e-20)	12	1.94205467e+00	(1.36716878e-02 4.28192099e-03 1.12356040e-19)	13
4.92            	p               	3.90200686e-01	(5.17578326e-01 8.68060540e-02 1.37712116e-20)	12	1.94314917e+00	(1.36716878e-02 4.28192099e-03 1.12356040e-19)	13
4.94            	p               	3.88978239e-01	(5.17578326e-01 8.68060540e-02 1.37712116e-20)	12	1.94354750e+00	(1.36716878e-02 4.28192099e-03 1.12356040e-19)	13
4.96            	p               	3.92127884e-01	(5.13672076e-01 8.74937552e-02 3.67731421e-18)	12	1.94660671e+00	(1.36716878e-02 4.28192099e-03 1.12356040e-19)	13
4.98            	p               	3.93757494e-01	(5.17578326e-01 8.68060540e-02 1.37712116e-20)	12	1.94815588e+00	(1.36716878e-02 4.28192099e-03 1.12356040e-19)	13
5               	p               	3.88187820e-01	(5.17578326e-01 8.68060540e-02 1.37712116e-20)	12	1.94641325e+00	(1.36716878e-02 4.28192099e-03 1.12356040e-19)	13
5.02            	p               	3.87235612e-01	(5.13672076e-01 8.74937552e-02 3.67731421e-18)	12	1.94226779e+00	(1.36716878e-02 4.28192099e-03 1.12356040e-19)	13
5.04            	p               	4.00062556e-01	(5.17578326e-01 8.68060540e-02 1.37712116e-20)	12	1.94293874e+00	(1.36716878e-02 4.28192099e-03 1.12356040e-19)	13
5.06            	p               	3.91565128e-01	(5.17578326e-01 8.68060540e-02 1.37712116e-20)	12	1.94315973e+00	(1.36716878e-02 4.28192099e-03 1.12356040e-19)	13
5.08            	p               	3.88255977e-01	(5.17578326e-01 8.68060540e-02 1.37712116e-20)	12	1.94538013e+00	(1.36716878e-02 4.28192099e-03 1.12356040e-19)	13
5.1             	p               	3.88165876e-01	(5.13672076e-01 8.74937552e-02 3.67731421e-18)	12	1.94808626e+00	(1.36716878e-02 4.28192099e-03 1.12356040e-19)	13
5.12            	p               	3.97844840e-01	(5.17578326e-01 8.68060540e-02 1.37712116e-20)	12	1.94739633e+00	(1.36716878e-02 4.28192099e-03 1.12356040e-19)	13
5.14            	p               	3.90146132e-01	(5.17578326e-01 8.68060540e-02 1.37712116e-20)	12	1.94342002e+00	(1.36716878e-02 4.28192099e-03 1.12356040e-19)	13
5.16            	p               	3.88951063e-01	(5.17578326e-01 8.68060540e-02 1.37712116e-20)	12	1.94243323e+00	(1.36716878e-02 4.28192099e-03 1.12356040e-19)	13
5.18            	p               	3.91985738e-01	(5.13672076e-01 8.74937552e-02 3.67731421e-18)	12	1.94312283e+00	(1.36716878e-02 4.28192099e-03 1.12356040e-19)	13
5.2             	p               	3.95158106e-01	(5.17578326e-01 8.68060540e-02 1.37712116e-20)	12	1.94425405e+00	(1.36716878e-02 4.28192099e-03 1.12356040e-19)	13
5.22            	p               	3.89137077e-01	(5.17578326e-01 8.68060540e-02 1.37712116e-20)	12	1.94750439e+00	(1.36716878e-02 4.28192099e-03 1.12356040e-19)	13
5.24            	p               	3.87727064e-01	(5.13672076e-01 8.74937552e-02 3.67731421e-18)	12	1.94792410e+00	(1.36716878e-02 4.28192099e-03 1.12356040e-19)	13
5.26            	p               	3.97491696e-01	(5.13672076e-01 8.74937552e-02 3.67731421e-18)	12	1.94510016e+00	(1.36716878e-02 4.28192099e-03 1.12356040e-19)	13
5.28            	p               	3.92801629e-01	(5.17578326e-01 8.68060540e-02 1.37712116e-20)	12	1.94203666e+00	(1.36716878e-02 4.28192099e-03 1.12356040e-19)	13
5.3             	p               	3.88532942e-01	(5.17578326e-01 8.68060540e-02 1.37712116e-20)	12	1.94313536e+00	(1.36716878e-02 4.28192099e-03 1.12356040e-19)	13
5.32            	p               	3.87255704e-01	(5.13672076e-01 8.74937552e-02 3.67731421e-18)	12	1.94347679e+00	(1.36716878e-02 4.28192099e-03 1.12356040e-19)	13
5.34            	p               	3.99136379e-01	(5.17578326e-01 8.68060540e-02 1.37712116e-20)	12	1.94645856e+00	(1.36716878e-02 4.28192099e-03 1.12356040e-19)	13
5.36            	p               	3.90910472e-01	(5.17578326e-01 8.68060540e-02 1.37712116e-20)	12	1.94816955e+00	(1.36716878e-02 4.28192099e-03 1.12356040e-19)	13
5.38            	p               	3.88427405e-01	(5.17578326e-01 8.68060540e-02 1.37712116e-20)	12	1.94657289e+00	(1.36716878e-02 4.28192099e-03 1.12356040e-19)	13
5.4             	p               	3.89544768e-01	(5.13672076e-01 8.74937552e-02 3.67731421e-18)	12	1.94235534e+00	(1.36716878e-02 4.28192099e-03 1.12356040e-19)	13
5.42            	p               	3.96656507e-01	(5.17578326e-01 8.68060540e-02 1.37712116e-20)	12	1.94288063e+00	(1.36716878e-02 4.28192099e-03 1.12356040e-19)	13
5.44            	p               	3.89667855e-01	(5.17578326e-01 8.68060540e-02 1.37712116e-20)	12	1.94314211e+00	(1.36716878e-02 4.28192099e-03 1.12356040e-19)	13
5.46            	p               	3.89088013e-01	(5.13672076e-01 8.74937552e-02 3.67731421e-18)	12	1.94522648e+00	(1.36716878e-02 4.28192099e-03 1.12356040e-19)	13
5.48            	p               	3.94411030e-01	(5.13672076e-01 8.74937552e-02 3.67731421e-18)	12	1.94804456e+00	(1.36716878e-02 4.28192099e-03 1.12356040e-19)	13
5.5             	p               	3.93982817e-01	(5.17578326e-01 8.68060540e-02 1.37712116e-20)	12	1.94748220e+00	(1.36716878e-02 4.28192099e-03 1.12356040e-19)	13
5.52            	p               	3.88836963e-01	(5.17578326e-01 8.68060540e-02 1.37712116e-20)	12	1.94360206e+00	(1.36716878e-02 4.28192099e-03 1.12356040e-19)	13
5.54            	p               	3.87201590e-01	(5.13672076e-01 8.74937552e-02 3.67731421e-18)	12	1.94235903e+00	(1.36716878e-02 4.28192099e-03 1.12356040e-19)	13
5.56            	p               	4.00152918e-01	(5.17578326e-01 8.68060540e-02 1.37712116e-20)	12	1.94313107e+00	(1.36716878e-02 4.28192099e-03 1.12356040e-19)	13
5.58            	p               	3.91798594e-01	(5.17578326e-01 8.68060540e-02 1.37712116e-20)	12	1.94413316e+00	(1.36716878e-02 4.28192099e-03 1.12356040e-19)	13
5.6             	p               	3.88311891e-01	(5.17578326e-01 8.68060540e-02 1.37712116e-20)	12	1.94739756e+00	(1.36716878e-02 4.28192099e-03 1.12356040e-19)	13
5.62            	p               	3.87982197e-01	(5.13672076e-01 8.74937552e-02 3.67731421e-18)	12	1.94796594e+00	(1.36716878e-02 4.28192099e-03 1.12356040e-19)	13
5.64            	p               	3.98025493e-01	(5.17578326e-01 8.68060540e-02 1.37712116e-20)	12	1.94529450e+00	(1.36716878e-02 4.28192099e-03 1.12356040e-19)	13
5.66            	p               	3.90316470e-01	(5.17578326e-01 8.68060540e-02 1.37712116e-20)	12	1.94202528e+00	(1.36716878e-02 4.28192099e-03 1.12356040e-19)	13
5.68            	p               	3.88863714e-01	(5.17578326e-01 8.68060540e-02 1.37712116e-20)	12	1.94312504e+00	(1.36716878e-02 4.28192099e-03 1.12356040e-19)	13
5.7             	p               	3.91522180e-01	(5.13672076e-01 8.74937552e-02 3.67731421e-18)	12	1.94341045e+00	(1.36716878e-02 4.28192099e-03 1.12356040e-19)	13
5.72            	p               	3.95276954e-01	(5.17578326e-01 8.68060540e-02 1.37712116e-20)	12	1.94631106e+00	(1.36716878e-02 4.28192099e-03 1.12356040e-19)	13
5.74            	p               	3.89168196e-01	(5.17578326e-01 8.68060540e-02 1.37712116e-20)	12	1.94817377e+00	(1.36716878e-02 4.28192099e-03 1.12356040e-19)	13
5.76            	p               	3.87897292e-01	(5.13672076e-01 8.74937552e-02 3.67731421e-18)	12	1.94671033e+00	(1.36716878e-02 4.28192099e-03 1.12356040e-19)	13
5.78            	p               	3.97129690e-01	(5.13672076e-01 8.74937552e-02 3.67731421e-18)	12	1.94246900e+00	(1.36716878e-02 4.28192099e-03 1.12356040e-19)	13
5.8             	p               	3.92994821e-01	(5.17578326e-01 8.68060540e-02 1.37712116e-20)	12	1.94282833e+00	(1.36716878e-02 4.28192099e-03 1.12356040e-19)	13
5.82            	p               	3.88528809e-01	(5.17578326e-01 8.68060540e-02 1.37712116e-20)	12	1.94312854e+00	(1.36716878e-02 4.28192099e-03 1.12356040e-19)	13
5.84            	p               	3.87148397e-01	(5.13672076e-01 8.74937552e-02 3.67731421e-18)	12	1.94507917e+00	(1.36716878e-02 4.28192099e-03 1.12356040e-19)	13
5.86            	p               	3.99248978e-01	(5.17578326e-01 8.68060540e-02 1.37712116e-20)	12	1.94798987e+00	(1.36716878e-02 4.28192099e-03 1.12356040e-19)	13
5.88            	p               	3.91031846e-01	(5.17578326e-01 8.68060540e-02 1.37712116e-20)	12	1.94756148e+00	(1.36716878e-02 4.28192099e-03 1.12356040e-19)	13
5.9             	p               	3.88393470e-01	(5.17578326e-01 8.68060540e-02 1.37712116e-20)	12	1.94381417e+00	(1.36716878e-02 4.28192099e-03 1.12356040e-19)	13
5.92            	p               	3.89322990e-01	(5.13672076e-01 8.74937552e-02 3.67731421e-18)	12	1.94229697e+00	(1.36716878e-02 4.28192099e-03 1.12356040e-19)	13
5.94            	p               	3.96854454e-01	(5.17578326e-01 8.68060540e-02 1.37712116e-20)	12	1.94313935e+00	(1.36716878e-02 4.28192099e-03 1.12356040e-19)	13
5.96            	p               	3.89684864e-01	(5.17578326e-01 8.68060540e-02 1.37712116e-20)	12	1.94402113e+00	(1.36716878e-02 4.28192099e-03 1.12356040e-19)	13
5.98            	p               	3.89290351e-01	(5.13672076e-01 8.74937552e-02 3.67731421e-18)	12	1.94727945e+00	(1.36716878e-02 4.28192099e-03 1.12356040e-19)	13
6               	p               	3.93996142e-01	(5.13672076e-01 8.74937552e-02 3.67731421e-18)	12	1.94801308e+00	(1.36716878e-02 4.28192099e-03 1.12356040e-19)	13
6.02            	p               	3.94216271e-01	(5.17578326e-01 8.68060540e-02 1.37712116e-20)	12	1.94550641e+00	(1.36716878e-02 4.28192099e-03 1.12356040e-19)	13
6.04            	p               	3.88880813e-01	(5.17578326e-01 8.68060540e-02 1.37712116e-20)	12	1.94202914e+00	(1.36716878e-02 4.28192099e-03 1.12356040e-19)	13
6.06            	p               	3.87295715e-01	(5.13672076e-01 8.74937552e-02 3.67731421e-18)	12	1.94310995e+00	(1.36716878e-02 4.28192099e-03 1.12356040e-19)	13
6.08            	p               	3.99954621e-01	(5.13672076e-01 8.74937552e-02 3.67731421e-18)	12	1.94335185e+00	(1.36716878e-02 4.28192099e-03 1.12356040e-19)	13
6.1             	p               	3.91892199e-01	(5.17578326e-01 8.68060540e-02 1.37712116e-20)	12	1.94615799e+00	(1.36716878e-02 4.28192099e-03 1.12356040e-19)	13
6.12            	p               	3.88302633e-01	(5.17578326e-01 8.68060540e-02 1.37712116e-20)	12	1.94818361e+00	(1.36716878e-02 4.28192099e-03 1.12356040e-19)	13
6.14            	p               	3.87807557e-01	(5.13672076e-01 8.74937552e-02 3.67731421e-18)	12	1.94684922e+00	(1.36716878e-02 4.28192099e-03 1.12356040e-19)	13
6.16            	p               	3.98259084e-01	(5.17578326e-01 8.68060540e-02 1.37712116e-20)	12	1.94259002e+00	(1.36716878e-02 4.28192099e-03 1.12356040e-19)	13
6.18            	p               	3.90427883e-01	(5.17578326e-01 8.68060540e-02 1.37712116e-20)	12	1.94277131e+00	(1.36716878e-02 4.28192099e-03 1.12356040e-19)	13
6.2             	p               	3.88790728e-01	(5.17578326e-01 8.68060540e-02 1.37712116e-20)	12	1.94311721e+00	(1.36716878e-02 4.28192099e-03 1.12356040e-19)	13
6.22            	p               	3.91144203e-01	(5.13672076e-01 8.74937552e-02 3.67731421e-18)	12	1.94493260e+00	(1.36716878e-02 4.28192099e-03 1.12356040e-19)	13
6.24            	p               	3.95487208e-01	(5.17578326e-01 8.68060540e-02 1.37712116e-20)	12	1.94793576e+00	(1.36716878e-02 4.28192099e-03 1.12356040e-19)	13
6.26            	p               	3.89242293e-01	(5.17578326e-01 8.68060540e-02 1.37712116e-20)	12	1.94763125e+00	(1.36716878e-02 4.28192099e-03 1.12356040e-19)	13
6.28            	p               	3.88076321e-01	(5.13672076e-01 8.74937552e-02 3.67731421e-18)	12	1.94401758e+00	(1.36716878e-02 4.28192099e-03 1.12356040e-19)	13
6.3             	p               	3.96640970e-01	(5.13672076e-01 8.74937552e-02 3.67731421e-18)	12	1.94223770e+00	(1.36716878e-02 4.28192099e-03 1.12356040e-19)	13
6.32            	p               	3.93157563e-01	(5.17578326e-01 8.68060540e-02 1.37712116e-20)	12	1.94314063e+00	(1.36716878e-02 4.28192099e-03 1.12356040e-19)	13
6.34            	p               	3.88539403e-01	(5.17578326e-01 8.68060540e-02 1.37712116e-20)	12	1.94391479e+00	(1.36716878e-02 4.28192099e-03 1.12356040e-19)	13
6.36            	p               	3.87102120e-01	(5.13672076e-01 8.74937552e-02 3.67731421e-18)	12	1.94715950e+00	(1.36716878e-02 4.28192099e-03 1.12356040e-19)	13
6.38            	p               	3.99380381e-01	(5.17578326e-01 8.68060540e-02 1.37712116e-20)	12	1.94804400e+00	(1.36716878e-02 4.28192099e-03 1.12356040e-19)	13
6.4             	p               	3.91134495e-01	(5.17578326e-01 8.68060540e-02 1.37712116e-20)	12	1.94569979e+00	(1.36716878e-02 4.28192099e-03 1.12356040e-19)	13
6.42            	p               	3.88423423e-01	(5.17578326e-01 8.68060540e-02 1.37712116e-20)	12	1.94204533e+00	(1.36716878e-02 4.28192099e-03 1.12356040e-19)	13
6.44            	p               	3.89210748e-01	(5.13672076e-01 8.74937552e-02 3.67731421e-18)	12	1.94308001e+00	(1.36716878e-02 4.28192099e-03 1.12356040e-19)	13
6.46            	p               	3.96780565e-01	(5.17578326e-01 8.68060540e-02 1.37712116e-20)	12	1.94330203e+00	(1.36716878e-02 4.28192099e-03 1.12356040e-19)	13
6.48            	p               	3.89622351e-01	(5.17578326e-01 8.68060540e-02 1.37712116e-20)	12	1.94600439e+00	(1.36716878e-02 4.28192099e-03 1.12356040e-19)	13
6.5             	p               	3.88897018e-01	(5.13672076e-01 8.74937552e-02 3.67731421e-18)	12	1.94817384e+00	(1.36716878e-02 4.28192099e-03 1.12356040e-19)	13
6.52            	p               	3.94836942e-01	(5.13672076e-01 8.74937552e-02 3.67731421e-18)	12	1.94697510e+00	(1.36716878e-02 4.28192099e-03 1.12356040e-19)	13
6.54            	p               	3.93763858e-01	(5.17578326e-01 8.68060540e-02 1.37712116e-20)	12	1.94272448e+00	(1.36716878e-02 4.28192099e-03 1.12356040e-19)	13
6.56            	p               	3.88788039e-01	(5.17578326e-01 8.68060540e-02 1.37712116e-20)	12	1.94270026e+00	(1.36716878e-02 4.28192099e-03 1.12356040e-19)	13
6.58            	p               	3.87183043e-01	(5.13672076e-01 8.74937552e-02 3.67731421e-18)	12	1.94311545e+00	(1.36716878e-02 4.28192099e-03 1.12356040e-19)	13
6.6             	p               	3.99910775e-01	(5.17578326e-01 8.68060540e-02 1.37712116e-20)	12	1.94478818e+00	(1.36716878e-02 4.28192099e-03 1.12356040e-19)	13
6.62            	p               	3.91544738e-01	(5.17578326e-01 8.68060540e-02 1.37712116e-20)	12	1.94786469e+00	(1.36716878e-02 4.28192099e-03 1.12356040e-19)	13
6.64            	p               	3.88290831e-01	(5.17578326e-01 8.68060540e-02 1.37712116e-20)	12	1.94770068e+00	(1.36716878e-02 4.28192099e-03 1.12356040e-19)	13
6.66            	p               	3.88162800e-01	(5.13672076e-01 8.74937552e-02 3.67731421e-18)	12	1.94422401e+00	(1.36716878e-02 4.28192099e-03 1.12356040e-19)	13
6.68            	p               	3.97920619e-01	(5.17578326e-01 8.68060540e-02 1.37712116e-20)	12	1.94217691e+00	(1.36716878e-02 4.28192099e-03 1.12356040e-19)	13
6.7             	p               	3.90272974e-01	(5.17578326e-01 8.68060540e-02 1.37712116e-20)	12	1.94315086e+00	(1.36716878e-02 4.28192099e-03 1.12356040e-19)	13
6.72            	p               	3.88902654e-01	(5.17578326e-01 8.68060540e-02 1.37712116e-20)	12	1.94381250e+00	(1.36716878e-02 4.28192099e-03 1.12356040e-19)	13
6.74            	p               	3.91626073e-01	(5.13672076e-01 8.74937552e-02 3.67731421e-18)	12	1.94703094e+00	(1.36716878e-02 4.28192099e-03 1.12356040e-19)	13
6.76            	p               	3.95316373e-01	(5.17578326e-01 8.68060540e-02 1.37712116e-20)	12	1.94808028e+00	(1.36716878e-02 4.28192099e-03 1.12356040e-19)	13
6.78            	p               	3.89207970e-01	(5.17578326e-01 8.68060540e-02 1.37712116e-20)	12	1.94588432e+00	(1.36716878e-02 4.28192099e-03 1.12356040e-19)	13
6.8             	p               	3.88010763e-01	(5.13672076e-01 8.74937552e-02 3.67731421e-18)	12	1.94207745e+00	(1.36716878e-02 4.28192099e-03 1.12356040e-19)	13
6.82            	p               	3.96802889e-01	(5.13672076e-01 8.74937552e-02 3.67731421e-18)	12	1.94306007e+00	(1.36716878e-02 4.28192099e-03 1.12356040e-19)	13
6.84            	p               	3.93104582e-01	(5.17578326e-01 8.68060540e-02 1.37712116e-20)	12	1.94325560e+00	(1.36716878e-02 4.28192099e-03 1.12356040e-19)	13
6.86            	p               	3.88565233e-01	(5.17578326e-01 8.68060540e-02 1.37712116e-20)	12	1.94585158e+00	(1.36716878e-02 4.28192099e-03 1.12356040e-19)	13
6.88            	p               	3.87157534e-01	(5.13672076e-01 8.74937552e-02 3.67731421e-18)	12	1.94816509e+00	(1.36716878e-02 4.28192099e-03 1.12356040e-19)	13
6.9             	p               	3.99462729e-01	(5.17578326e-01 8.68060540e-02 1.37712116e-20)	12	1.94708923e+00	(1.36716878e-02 4.28192099e-03 1.12356040e-19)	13
6.92            	p               	3.91244149e-01	(5.17578326e-01 8.68060540e-02 1.37712116e-20)	12	1.94288389e+00	(1.36716878e-02 4.28192099e-03 1.12356040e-19)	13
6.94            	p               	3.88414699e-01	(5.17578326e-01 8.68060540e-02 1.37712116e-20)	12	1.94264356e+00	(1.36716878e-02 4.28192099e-03 1.12356040e-19)	13
6.96            	p               	3.88861089e-01	(5.13672076e-01 8.74937552e-02 3.67731421e-18)	12	1.94311181e+00	(1.36716878e-02 4.28192099e-03 1.12356040e-19)	13
6.98            	p               	3.97230596e-01	(5.17578326e-01 8.68060540e-02 1.37712116e-20)	12	1.94465122e+00	(1.36716878e-02 4.28192099e-03 1.12356040e-19)	13
7               	p               	3.89874951e-01	(5.17578326e-01 8.68060540e-02 1.37712116e-20)	12	1.94778851e+00	(1.36716878e-02 4.28192099e-03 1.12356040e-19)	13
7.02            	p               	3.89292537e-01	(5.17578326e-01 8.68060540e-02 1.37712116e-20)	12	1.94776201e+00	(1.36716878e-02 4.28192099e-03 1.12356040e-19)	13
7.04            	p               	3.92959138e-01	(5.13672076e-01 8.74937552e-02 3.67731421e-18)	12	1.94444943e+00	(1.36716878e-02 4.28192099e-03 1.12356040e-19)	13
7.06            	p               	3.94703874e-01	(5.17578326e-01 8.68060540e-02 1.37712116e-20)	12	1.94213369e+00	(1.36716878e-02 4.28192099e-03 1.12356040e-19)	13
7.08            	p               	3.89065802e-01	(5.17578326e-01 8.68060540e-02 1.37712116e-20)	12	1.94314972e+00	(1.36716878e-02 4.28192099e-03 1.12356040e-19)	13
7.1             	p               	3.87470674e-01	(5.13672076e-01 8.74937552e-02 3.67731421e-18)	12	1.94372062e+00	(1.36716878e-02 4.28192099e-03 1.12356040e-19)	13
7.12            	p               	3.98545275e-01	(5.13672076e-01 8.74937552e-02 3.67731421e-18)	12	1.94689582e+00	(1.36716878e-02 4.28192099e-03 1.12356040e-19)	13
7.14            	p               	3.92397948e-01	(5.17578326e-01 8.68060540e-02 1.37712116e-20)	12	1.94811030e+00	(1.36716878e-02 4.28192099e-03 1.12356040e-19)	13
7.16            	p               	3.88434118e-01	(5.17578326e-01 8.68060540e-02 1.37712116e-20)	12	1.94607501e+00	(1.36716878e-02 4.28192099e-03 1.12356040e-19)	13
7.18            	p               	3.87397123e-01	(5.13672076e-01 8.74937552e-02 3.67731421e-18)	12	1.94212127e+00	(1.36716878e-02 4.28192099e-03 1.12356040e-19)	13
7.2             	p               	3.98901825e-01	(5.17578326e-01 8.68060540e-02 1.37712116e-20)	12	1.94302086e+00	(1.36716878e-02 4.28192099e-03 1.12356040e-19)	13
7.22            	p               	3.90750354e-01	(5.17578326e-01 8.68060540e-02 1.37712116e-20)	12	1.94321891e+00	(1.36716878e-02 4.28192099e-03 1.12356040e-19)	13
7.24            	p               	3.88455960e-01	(5.17578326e-01 8.68060540e-02 1.37712116e-20)	12	1.94569494e+00	(1.36716878e-02 4.28192099e-03 1.12356040e-19)	13
7.26            	p               	3.89949723e-01	(5.13672076e-01 8.74937552e-02 3.67731421e-18)	12	1.94814896e+00	(1.36716878e-02 4.28192099e-03 1.12356040e-19)	13
7.28            	p               	3.96406537e-01	(5.17578326e-01 8.68060540e-02 1.37712116e-20)	12	1.94720090e+00	(1.36716878e-02 4.28192099e-03 1.12356040e-19)	13
7.3             	p               	3.89582178e-01	(5.17578326e-01 8.68060540e-02 1.37712116e-20)	12	1.94303743e+00	(1.36716878e-02 4.28192099e-03 1.12356040e-19)	13
7.32            	p               	3.88835931e-01	(5.13672076e-01 8.74937552e-02 3.67731421e-18)	12	1.94256982e+00	(1.36716878e-02 4.28192099e-03 1.12356040e-19)	13
7.34            	p               	3.94978032e-01	(5.13672076e-01 8.74937552e-02 3.67731421e-18)	12	1.94311375e+00	(1.36716878e-02 4.28192099e-03 1.12356040e-19)	13
7.36            	p               	3.93771258e-01	(5.17578326e-01 8.68060540e-02 1.37712116e-20)	12	1.94451460e+00	(1.36716878e-02 4.28192099e-03 1.12356040e-19)	13
7.38            	p               	3.88732486e-01	(5.17578326e-01 8.68060540e-02 1.37712116e-20)	12	1.94770597e+00	(1.36716878e-02 4.28192099e-03 1.12356040e-19)	13
7.4             	p               	3.87150163e-01	(5.13672076e-01 8.74937552e-02 3.67731421e-18)	12	1.94781690e+00	(1.36716878e-02 4.28192099e-03 1.12356040e-19)	13
7.42            	p               	4.00014951e-01	(5.17578326e-01 8.68060540e-02 1.37712116e-20)	12	1.94465078e+00	(1.36716878e-02 4.28192099e-03 1.12356040e-19)	13
7.44            	p               	3.91729533e-01	(5.17578326e-01 8.68060540e-02 1.37712116e-20)	12	1.94208919e+00	(1.36716878e-02 4.28192099e-03 1.12356040e-19)	13
7.46            	p               	3.88360023e-01	(5.17578326e-01 8.68060540e-02 1.37712116e-20)	12	1.94314885e+00	(1.36716878e-02 4.28192099e-03 1.12356040e-19)	13
7.48            	p               	3.88104109e-01	(5.13672076e-01 8.74937552e-02 3.67731421e-18)	12	1.94363275e+00	(1.36716878e-02 4.28192099e-03 1.12356040e-19)	13
7.5             	p               	3.97857439e-01	(5.17578326e-01 8.68060540e-02 1.37712116e-20)	12	1.94675893e+00	(1.36716878e-02 4.28192099e-03 1.12356040e-19)	13
7.52            	p               	3.90197186e-01	(5.17578326e-01 8.68060540e-02 1.37712116e-20)	12	1.94812958e+00	(1.36716878e-02 4.28192099e-03 1.12356040e-19)	13
7.54            	p               	3.88900571e-01	(5.17578326e-01 8.68060540e-02 1.37712116e-20)	12	1.94623887e+00	(1.36716878e-02 4.28192099e-03 1.12356040e-19)	13
7.56            	p               	3.91810367e-01	(5.13672076e-01 8.74937552e-02 3.67731421e-18)	12	1.94218442e+00	(1.36716878e-02 4.28192099e-03 1.12356040e-19)	13
7.58            	p               	3.95305760e-01	(5.17578326e-01 8.68060540e-02 1.37712116e-20)	12	1.94298046e+00	(1.36716878e-02 4.28192099e-03 1.12356040e-19)	13
7.6             	p               	3.89174914e-01	(5.17578326e-01 8.68060540e-02 1.37712116e-20)	12	1.94318801e+00	(1.36716878e-02 4.28192099e-03 1.12356040e-19)	13
7.62            	p               	3.87789943e-01	(5.13672076e-01 8.74937552e-02 3.67731421e-18)	12	1.94554163e+00	(1.36716878e-02 4.28192099e-03 1.12356040e-19)	13
7.64            	p               	3.97246424e-01	(5.13672076e-01 8.74937552e-02 3.67731421e-18)	12	1.94811814e+00	(1.36716878e-02 4.28192099e-03 1.12356040e-19)	13
7.66            	p               	3.92851540e-01	(5.17578326e-01 8.68060540e-02 1.37712116e-20)	12	1.94730012e+00	(1.36716878e-02 4.28192099e-03 1.12356040e-19)	13
7.68            	p               	3.88542948e-01	(5.17578326e-01 8.68060540e-02 1.37712116e-20)	12	1.94321975e+00	(1.36716878e-02 4.28192099e-03 1.12356040e-19)	13
7.7             	p               	3.87234241e-01	(5.13672076e-01 8.74937552e-02 3.67731421e-18)	12	1.94250007e+00	(1.36716878e-02 4.28192099e-03 1.12356040e-19)	13
7.72            	p               	3.99300893e-01	(5.17578326e-01 8.68060540e-02 1.37712116e-20)	12	1.94312004e+00	(1.36716878e-02 4.28192099e-03 1.12356040e-19)	13
7.74            	p               	3.90978769e-01	(5.17578326e-01 8.68060540e-02 1.37712116e-20)	12	1.94438458e+00	(1.36716878e-02 4.28192099e-03 1.12356040e-19)	13
7.76            	p               	3.88360292e-01	(5.17578326e-01 8.68060540e-02 1.37712116e-20)	12	1.94760951e+00	(1.36716878e-02 4.28192099e-03 1.12356040e-19)	13
7.78            	p               	3.89338060e-01	(5.13672076e-01 8.74937552e-02 3.67731421e-18)	12	1.94787547e+00	(1.36716878e-02 4.28192099e-03 1.12356040e-19)	13
7.8             	p               	3.96796164e-01	(5.17578326e-01 8.68060540e-02 1.37712116e-20)	12	1.94487246e+00	(1.36716878e-02 4.28192099e-03 1.12356040e-19)	13
7.82            	p               	3.89778157e-01	(5.17578326e-01 8.68060540e-02 1.37712116e-20)	12	1.94205701e+00	(1.36716878e-02 4.28192099e-03 1.12356040e-19)	13
7.84            	p               	3.89373916e-01	(5.13672076e-01 8.74937552e-02 3.67731421e-18)	12	1.94314892e+00	(1.36716878e-02 4.28192099e-03 1.12356040e-19)	13
7.86            	p               	3.93949601e-01	(5.13672076e-01 8.74937552e-02 3.67731421e-18)	12	1.94355194e+00	(1.36716878e-02 4.28192099e-03 1.12356040e-19)	13
7.88            	p               	3.94135270e-01	(5.17578326e-01 8.68060540e-02 1.37712116e-20)	12	1.94661381e+00	(1.36716878e-02 4.28192099e-03 1.12356040e-19)	13
7.9             	p               	3.88827384e-01	(5.17578326e-01 8.68060540e-02 1.37712116e-20)	12	1.94815692e+00	(1.36716878e-02 4.28192099e-03 1.12356040e-19)	13
7.92            	p               	3.87264080e-01	(5.13672076e-01 8.74937552e-02 3.67731421e-18)	12	1.94640682e+00	(1.36716878e-02 4.28192099e-03 1.12356040e-19)	13
7.94            	p               	3.99932216e-01	(5.13672076e-01 8.74937552e-02 3.67731421e-18)	12	1.94226239e+00	(1.36716878e-02 4.28192099e-03 1.12356040e-19)	13
7.96            	p               	3.92207838e-01	(5.17578326e-01 8.68060540e-02 1.37712116e-20)	12	1.94294034e+00	(1.36716878e-02 4.28192099e-03 1.12356040e-19)	13
7.98            	p               	3.87954230e-01	(5.17578326e-01 8.68060540e-02 1.37712116e-20)	12	1.94316079e+00	(1.36716878e-02 4.28192099e-03 1.12356040e-19)	13
8               	p               	3.88784172e-01	(5.17578326e-01 8.68060540e-02 1.37712116e-20)	12	1.94538753e+00	(1.36716878e-02 4.28192099e-03 1.12356040e-19)	13
8.02            	p               	3.87698811e-01	(5.13672076e-01 8.74937552e-02 3.67731421e-18)	12	1.94808980e+00	(1.36716878e-02 4.28192099e-03 1.12356040e-19)	13
8.04            	p               	3.92607455e-01	(5.13672076e-01 8.74937552e-02 3.67731421e-18)	12	1.94739177e+00	(1.36716878e-02 4.28192099e-03 1.12356040e-19)	13
8.06            	p               	3.98488702e-01	(5.17578326e-01 8.68060540e-02 1.37712116e-20)	12	1.94340831e+00	(1.36716878e-02 4.28192099e-03 1.12356040e-19)	13
8.08            	p               	3.90901495e-01	(5.17578326e-01 8.68060540e-02 1.37712116e-20)	12	1.94243571e+00	(1.36716878e-02 4.28192099e-03 1.12356040e-19)	13
8.1             	p               	3.88176960e-01	(5.17578326e-01 8.68060540e-02 1.37712116e-20)	12	1.94312195e+00	(1.36716878e-02 4.28192099e-03 1.12356040e-19)	13
8.12            	p               	3.87695477e-01	(5.13672076e-01 8.74937552e-02 3.67731421e-18)	12	1.94425992e+00	(1.36716878e-02 4.28192099e-03 1.12356040e-19)	13
8.14            	p               	3.99092708e-01	(5.17578326e-01 8.68060540e-02 1.37712116e-20)	12	1.94751028e+00	(1.36716878e-02 4.28192099e-03 1.12356040e-19)	13
8.16            	p               	3.91037687e-01	(5.17578326e-01 8.68060540e-02 1.37712116e-20)	12	1.94792063e+00	(1.36716878e-02 4.28192099e-03 1.12356040e-19)	13
8.18            	p               	3.88354515e-01	(5.17578326e-01 8.68060540e-02 1.37712116e-20)	12	1.94508807e+00	(1.36716878e-02 4.28192099e-03 1.12356040e-19)	13
8.2             	p               	3.88585713e-01	(5.13672076e-01 8.74937552e-02 3.67731421e-18)	12	1.94203699e+00	(1.36716878e-02 4.28192099e-03 1.12356040e-19)	13
8.22            	p               	3.97805460e-01	(5.17578326e-01 8.68060540e-02 1.37712116e-20)	12	1.94313483e+00	(1.36716878e-02 4.28192099e-03 1.12356040e-19)	13
8.24            	p               	3.90202387e-01	(5.17578326e-01 8.68060540e-02 1.37712116e-20)	12	1.94348022e+00	(1.36716878e-02 4.28192099e-03 1.12356040e-19)	13
8.26            	p               	3.88791389e-01	(5.17578326e-01 8.68060540e-02 1.37712116e-20)	12	1.94646561e+00	(1.36716878e-02 4.28192099e-03 1.12356040e-19)	13
8.28            	p               	3.91333586e-01	(5.13672076e-01 8.74937552e-02 3.67731421e-18)	12	1.94816772e+00	(1.36716878e-02 4.28192099e-03 1.12356040e-19)	13
8.3             	p               	3.95626808e-01	(5.17578326e-01 8.68060540e-02 1.37712116e-20)	12	1.94656512e+00	(1.36716878e-02 4.28192099e-03 1.12356040e-19)	13
8.32            	p               	3.89394124e-01	(5.17578326e-01 8.68060540e-02 1.37712116e-20)	12	1.94235102e+00	(1.36716878e-02 4.28192099e-03 1.12356040e-19)	13
8.34            	p               	3.88987245e-01	(5.13672076e-01 8.74937552e-02 3.67731421e-18)	12	1.94288184e+00	(1.36716878e-02 4.28192099e-03 1.12356040e-19)	13
8.36            	p               	3.89841559e-01	(5.13672076e-01 8.74937552e-02 3.67731421e-18)	12	1.94314339e+00	(1.36716878e-02 4.28192099e-03 1.12356040e-19)	13
8.38            	p               	3.88917435e-01	(5.13672076e-01 8.74937552e-02 3.67731421e-18)	12	1.94523302e+00	(1.36716878e-02 4.28192099e-03 1.12356040e-19)	13
8.4             	p               	3.88624381e-01	(5.13672076e-01 8.74937552e-02 3.67731421e-18)	12	1.94804577e+00	(1.36716878e-02 4.28192099e-03 1.12356040e-19)	13
8.42            	p               	4.00267686e-01	(5.13672076e-01 8.74937552e-02 3.67731421e-18)	12	1.94747888e+00	(1.36716878e-02 4.28192099e-03 1.12356040e-19)	13
8.44            	p               	3.93118404e-01	(5.17578326e-01 8.68060540e-02 1.37712116e-20)	12	1.94359403e+00	(1.36716878e-02 4.28192099e-03 1.12356040e-19)	13
8.46            	p               	3.88571043e-01	(5.17578326e-01 8.68060540e-02 1.37712116e-20)	12	1.94236102e+00	(1.36716878e-02 4.28192099e-03 1.12356040e-19)	13
8.48            	p               	3.87240255e-01	(5.13672076e-01 8.74937552e-02 3.67731421e-18)	12	1.94313175e+00	(1.36716878e-02 4.28192099e-03 1.12356040e-19)	13
8.5             	p               	3.99675336e-01	(5.13672076e-01 8.74937552e-02 3.67731421e-18)	12	1.94413785e+00	(1.36716878e-02 4.28192099e-03 1.12356040e-19)	13
8.52            	p               	3.92161702e-01	(5.17578326e-01 8.68060540e-02 1.37712116e-20)	12	1.94740205e+00	(1.36716878e-02 4.28192099e-03 1.12356040e-19)	13
8.54            	p               	3.88327735e-01	(5.17578326e-01 8.68060540e-02 1.37712116e-20)	12	1.94796514e+00	(1.36716878e-02 4.28192099e-03 1.12356040e-19)	13
8.56            	p               	3.87424539e-01	(5.13672076e-01 8.74937552e-02 3.67731421e-18)	12	1.94528628e+00	(1.36716878e-02 4.28192099e-03 1.12356040e-19)	13
8.58            	p               	3.98989154e-01	(5.17578326e-01 8.68060540e-02 1.37712116e-20)	12	1.94202525e+00	(1.36716878e-02 4.28192099e-03 1.12356040e-19)	13
8.6             	p               	3.90877326e-01	(5.17578326e-01 8.68060540e-02 1.37712116e-20)	12	1.94312713e+00	(1.36716878e-02 4.28192099e-03 1.12356040e-19)	13
8.62            	p               	3.88452276e-01	(5.17578326e-01 8.68060540e-02 1.37712116e-20)	12	1.94341267e+00	(1.36716878e-02 4.28192099e-03 1.12356040e-19)	13
8.64            	p               	3.89596745e-01	(5.13672076e-01 8.74937552e-02 3.67731421e-18)	12	1.94631737e+00	(1.36716878e-02 4.28192099e-03 1.12356040e-19)	13
8.66            	p               	3.96569459e-01	(5.17578326e-01 8.68060540e-02 1.37712116e-20)	12	1.94817463e+00	(1.36716878e-02 4.28192099e-03 1.12356040e-19)	13
8.68            	p               	3.89641228e-01	(5.17578326e-01 8.68060540e-02 1.37712116e-20)	12	1.94670446e+00	(1.36716878e-02 4.28192099e-03 1.12356040e-19)	13
8.7             	p               	3.89296651e-01	(5.13672076e-01 8.74937552e-02 3.67731421e-18)	12	1.94246497e+00	(1.36716878e-02 4.28192099e-03 1.12356040e-19)	13
8.72            	p               	3.94145580e-01	(5.13672076e-01 8.74937552e-02 3.67731421e-18)	12	1.94283241e+00	(1.36716878e-02 4.28192099e-03 1.12356040e-19)	13
8.74            	p               	3.94211384e-01	(5.17578326e-01 8.68060540e-02 1.37712116e-20)	12	1.94312859e+00	(1.36716878e-02 4.28192099e-03 1.12356040e-19)	13
8.76            	p               	3.88847165e-01	(5.17578326e-01 8.68060540e-02 1.37712116e-20)	12	1.94508536e+00	(1.36716878e-02 4.28192099e-03 1.12356040e-19)	13
8.78            	p               	3.87233100e-01	(5.13672076e-01 8.74937552e-02 3.67731421e-18)	12	1.94799287e+00	(1.36716878e-02 4.28192099e-03 1.12356040e-19)	13
8.8             	p               	3.99669438e-01	(5.13672076e-01 8.74937552e-02 3.67731421e-18)	12	1.94755774e+00	(1.36716878e-02 4.28192099e-03 1.12356040e-19)	13
8.82            	p               	3.91804955e-01	(5.17578326e-01 8.68060540e-02 1.37712116e-20)	12	1.94380722e+00	(1.36716878e-02 4.28192099e-03 1.12356040e-19)	13
8.84            	p               	3.88514085e-01	(5.17578326e-01 8.68060540e-02 1.37712116e-20)	12	1.94230080e+00	(1.36716878e-02 4.28192099e-03 1.12356040e-19)	13
8.86            	p               	3.88632961e-01	(5.13672076e-01 8.74937552e-02 3.67731421e-18)	12	1.94313848e+00	(1.36716878e-02 4.28192099e-03 1.12356040e-19)	13
8.88            	p               	3.98034416e-01	(5.17578326e-01 8.68060540e-02 1.37712116e-20)	12	1.94402572e+00	(1.36716878e-02 4.28192099e-03 1.12356040e-19)	13
8.9             	p               	3.90136486e-01	(5.17578326e-01 8.68060540e-02 1.37712116e-20)	12	1.94728456e+00	(1.36716878e-02 4.28192099e-03 1.12356040e-19)	13
8.92            	p               	3.88778853e-01	(5.17578326e-01 8.68060540e-02 1.37712116e-20)	12	1.94801053e+00	(1.36716878e-02 4.28192099e-03 1.12356040e-19)	13
8.94            	p               	3.91631211e-01	(5.13672076e-01 8.74937552e-02 3.67731421e-18)	12	1.94549980e+00	(1.36716878e-02 4.28192099e-03 1.12356040e-19)	13
8.96            	p               	3.95358900e-01	(5.17578326e-01 8.68060540e-02 1.37712116e-20)	12	1.94202876e+00	(1.36716878e-02 4.28192099e-03 1.12356040e-19)	13
8.98            	p               	3.89258100e-01	(5.17578326e-01 8.68060540e-02 1.37712116e-20)	12	1.94310980e+00	(1.36716878e-02 4.28192099e-03 1.12356040e-19)	13
9               	p               	3.87859528e-01	(5.13672076e-01 8.74937552e-02 3.67731421e-18)	12	1.94335426e+00	(1.36716878e-02 4.28192099e-03 1.12356040e-19)	13
9.02            	p               	3.97154286e-01	(5.13672076e-01 8.74937552e-02 3.67731421e-18)	12	1.94616408e+00	(1.36716878e-02 4.28192099e-03 1.12356040e-19)	13
9.04            	p               	3.92855856e-01	(5.17578326e-01 8.68060540e-02 1.37712116e-20)	12	1.94818289e+00	(1.36716878e-02 4.28192099e-03 1.12356040e-19)	13
9.06            	p               	3.88493270e-01	(5.17578326e-01 8.68060540e-02 1.37712116e-20)	12	1.94684484e+00	(1.36716878e-02 4.28192099e-03 1.12356040e-19)	13
9.08            	p               	3.87180804e-01	(5.13672076e-01 8.74937552e-02 3.67731421e-18)	12	1.94258315e+00	(1.36716878e-02 4.28192099e-03 1.12356040e-19)	13
9.1             	p               	3.99374941e-01	(5.17578326e-01 8.68060540e-02 1.37712116e-20)	12	1.94277255e+00	(1.36716878e-02 4.28192099e-03 1.12356040e-19)	13
9.12            	p               	3.91082404e-01	(5.17578326e-01 8.68060540e-02 1.37712116e-20)	12	1.94311788e+00	(1.36716878e-02 4.28192099e-03 1.12356040e-19)	13
9.14            	p               	3.88371625e-01	(5.17578326e-01 8.68060540e-02 1.37712116e-20)	12	1.94493816e+00	(1.36716878e-02 4.28192099e-03 1.12356040e-19)	13
9.16            	p               	3.89284856e-01	(5.13672076e-01 8.74937552e-02 3.67731421e-18)	12	1.94793821e+00	(1.36716878e-02 4.28192099e-03 1.12356040e-19)	13
9.18            	p               	3.96803049e-01	(5.17578326e-01 8.68060540e-02 1.37712116e-20)	12	1.94762847e+00	(1.36716878e-02 4.28192099e-03 1.12356040e-19)	13
9.2             	p               	3.89714810e-01	(5.17578326e-01 8.68060540e-02 1.37712116e-20)	12	1.94400654e+00	(1.36716878e-02 4.28192099e-03 1.12356040e-19)	13
9.22            	p               	3.89372599e-01	(5.13672076e-01 8.74937552e-02 3.67731421e-18)	12	1.94223908e+00	(1.36716878e-02 4.28192099e-03 1.12356040e-19)	13
9.24            	p               	3.94012028e-01	(5.13672076e-01 8.74937552e-02 3.67731421e-18)	12	1.94314113e+00	(1.36716878e-02 4.28192099e-03 1.12356040e-19)	13
9.26            	p               	3.94183483e-01	(5.17578326e-01 8.68060540e-02 1.37712116e-20)	12	1.94391865e+00	(1.36716878e-02 4.28192099e-03 1.12356040e-19)	13
9.28            	p               	3.88843822e-01	(5.17578326e-01 8.68060540e-02 1.37712116e-20)	12	1.94716508e+00	(1.36716878e-02 4.28192099e-03 1.12356040e-19)	13
9.3             	p               	3.87190841e-01	(5.13672076e-01 8.74937552e-02 3.67731421e-18)	12	1.94804191e+00	(1.36716878e-02 4.28192099e-03 1.12356040e-19)	13
9.32            	p               	3.99902683e-01	(5.13672076e-01 8.74937552e-02 3.67731421e-18)	12	1.94568983e+00	(1.36716878e-02 4.28192099e-03 1.12356040e-19)	13
9.34            	p               	3.92546158e-01	(5.17578326e-01 8.68060540e-02 1.37712116e-20)	12	1.94204445e+00	(1.36716878e-02 4.28192099e-03 1.12356040e-19)	13
9.36            	p               	3.88178665e-01	(5.17578326e-01 8.68060540e-02 1.37712116e-20)	12	1.94308214e+00	(1.36716878e-02 4.28192099e-03 1.12356040e-19)	13
9.38            	p               	3.87767694e-01	(5.17578326e-01 8.68060540e-02 1.37712116e-20)	12	1.94330369e+00	(1.36716878e-02 4.28192099e-03 1.12356040e-19)	13
9.4             	p               	3.87447914e-01	(5.13672076e-01 8.74937552e-02 3.67731421e-18)	12	1.94601151e+00	(1.36716878e-02 4.28192099e-03 1.12356040e-19)	13
9.42            	p               	3.94042205e-01	(5.13672076e-01 8.74937552e-02 3.67731421e-18)	12	1.94817321e+00	(1.36716878e-02 4.28192099e-03 1.12356040e-19)	13
9.44            	p               	3.96734495e-01	(5.17578326e-01 8.68060540e-02 1.37712116e-20)	12	1.94696947e+00	(1.36716878e-02 4.28192099e-03 1.12356040e-19)	13
9.46            	p               	3.89895423e-01	(5.17578326e-01 8.68060540e-02 1.37712116e-20)	12	1.94272003e+00	(1.36716878e-02 4.28192099e-03 1.12356040e-19)	13
9.48            	p               	3.88490975e-01	(5.17578326e-01 8.68060540e-02 1.37712116e-20)	12	1.94270415e+00	(1.36716878e-02 4.28192099e-03 1.12356040e-19)	13
9.5             	p               	3.89684473e-01	(5.13672076e-01 8.74937552e-02 3.67731421e-18)	12	1.94311539e+00	(1.36716878e-02 4.28192099e-03 1.12356040e-19)	13
9.52            	p               	3.97285350e-01	(5.17578326e-01 8.68060540e-02 1.37712116e-20)	12	1.94479480e+00	(1.36716878e-02 4.28192099e-03 1.12356040e-19)	13
9.54            	p               	3.90013982e-01	(5.17578326e-01 8.68060540e-02 1.37712116e-20)	12	1.94786685e+00	(1.36716878e-02 4.28192099e-03 1.12356040e-19)	13
9.56            	p               	3.88886267e-01	(5.17578326e-01 8.68060540e-02 1.37712116e-20)	12	1.94769881e+00	(1.36716878e-02 4.28192099e-03 1.12356040e-19)	13
9.58            	p               	3.91374221e-01	(5.13672076e-01 8.74937552e-02 3.67731421e-18)	12	1.94421733e+00	(1.36716878e-02 4.28192099e-03 1.12356040e-19)	13
9.6             	p               	3.95813601e-01	(5.17578326e-01 8.68060540e-02 1.37712116e-20)	12	1.94217989e+00	(1.36716878e-02 4.28192099e-03 1.12356040e-19)	13
9.62            	p               	3.89441334e-01	(5.17578326e-01 8.68060540e-02 1.37712116e-20)	12	1.94315066e+00	(1.36716878e-02 4.28192099e-03 1.12356040e-19)	13
9.64            	p               	3.88585603e-01	(5.13672076e-01 8.74937552e-02 3.67731421e-18)	12	1.94381702e+00	(1.36716878e-02 4.28192099e-03 1.12356040e-19)	13
9.66            	p               	3.95156848e-01	(5.13672076e-01 8.74937552e-02 3.67731421e-18)	12	1.94703588e+00	(1.36716878e-02 4.28192099e-03 1.12356040e-19)	13
9.68            	p               	3.93791584e-01	(5.17578326e-01 8.68060540e-02 1.37712116e-20)	12	1.94808051e+00	(1.36716878e-02 4.28192099e-03 1.12356040e-19)	13
9.7             	p               	3.88767243e-01	(5.17578326e-01 8.68060540e-02 1.37712116e-20)	12	1.94587816e+00	(1.36716878e-02 4.28192099e-03 1.12356040e-19)	13
9.72            	p               	3.87244166e-01	(5.13672076e-01 8.74937552e-02 3.67731421e-18)	12	1.94207585e+00	(1.36716878e-02 4.28192099e-03 1.12356040e-19)	13
9.74            	p               	4.00141974e-01	(5.17578326e-01 8.68060540e-02 1.37712116e-20)	12	1.94306145e+00	(1.36716878e-02 4.28192099e-03 1.12356040e-19)	13
9.76            	p               	3.91903300e-01	(5.17578326e-01 8.68060540e-02 1.37712116e-20)	12	1.94325729e+00	(1.36716878e-02 4.28192099e-03 1.12356040e-19)	13
9.78            	p               	3.88328048e-01	(5.17578326e-01 8.68060540e-02 1.37712116e-20)	12	1.94585788e+00	(1.36716878e-02 4.28192099e-03 1.12356040e-19)	13
9.8             	p               	3.87806565e-01	(5.13672076e-01 8.74937552e-02 3.67731421e-18)	12	1.94816707e+00	(1.36716878e-02 4.28192099e-03 1.12356040e-19)	13
9.82            	p               	3.98298347e-01	(5.17578326e-01 8.68060540e-02 1.37712116e-20)	12	1.94708491e+00	(1.36716878e-02 4.28192099e-03 1.12356040e-19)	13
9.84            	p               	3.90473709e-01	(5.17578326e-01 8.68060540e-02 1.37712116e-20)	12	1.94287653e+00	(1.36716878e-02 4.28192099e-03 1.12356040e-19)	13
9.86            	p               	3.88743003e-01	(5.17578326e-01 8.68060540e-02 1.37712116e-20)	12	1.94264656e+00	(1.36716878e-02 4.28192099e-03 1.12356040e-19)	13
9.88            	p               	3.90854057e-01	(5.13672076e-01 8.74937552e-02 3.67731421e-18)	12	1.94311113e+00	(1.36716878e-02 4.28192099e-03 1.12356040e-19)	13
9.9             	p               	3.95777834e-01	(5.17578326e-01 8.68060540e-02 1.37712116e-20)	12	1.94465709e+00	(1.36716878e-02 4.28192099e-03 1.12356040e-19)	13
9.92            	p               	3.89335823e-01	(5.17578326e-01 8.68060540e-02 1.37712116e-20)	12	1.94779259e+00	(1.36716878e-02 4.28192099e-03 1.12356040e-19)	13
9.94            	p               	3.88381833e-01	(5.13672076e-01 8.74937552e-02 3.67731421e-18)	12	1.94775904e+00	(1.36716878e-02 4.28192099e-03 1.12356040e-19)	13
9.96            	p               	3.95805015e-01	(5.13672076e-01 8.74937552e-02 3.67731421e-18)	12	1.94443936e+00	(1.36716878e-02 4.28192099e-03 1.12356040e-19)	13
9.98            	p               	3.93496672e-01	(5.17578326e-01 8.68060540e-02 1.37712116e-20)	12	1.94213584e+00	(1.36716878e-02 4.28192099e-03 1.12356040e-19)	13
10              	p               	3.88707835e-01	(5.17578326e-01 8.68060540e-02 1.37712116e-20)	12	1.94314832e+00	(1.36716878e-02 4.28192099e-03 1.12356040e-19)	13
