# Field minima and maxima
# Time          	field           	min             	location(min)   	processor       	max             	location(max)   	processor       
0.06125         	mag(U)          	4.47556626e-14	(6.00000000e-01 6.25000000e-03 -4.33680869e-20)	8	3.18330447e+00	(7.18750000e-01 2.43750000e-01 2.69123073e-18)	9
0.06125         	rho             	2.90178410e-01	(6.43750000e-01 2.06250000e-01 -2.14139968e-18)	9	6.82645592e+00	(5.68750000e-01 5.62500000e-02 -2.79483227e-19)	8
0.06125         	p               	2.62175442e-01	(6.43750000e-01 2.06250000e-01 -2.14139968e-18)	9	1.99503016e+01	(5.68750000e-01 5.62500000e-02 -2.79483227e-19)	8
0.12363636      	mag(U)          	2.79796465e-03	(5.81250000e-01 0.00000000e+00 -3.32488666e-19)	8	3.19317890e+00	(9.06250000e-01 3.18750000e-01 2.53582841e-19)	14
0.12363636      	rho             	2.54495676e-01	(6.31250000e-01 2.06250000e-01 7.31836466e-20)	9	6.12632914e+00	(5.06250000e-01 0.00000000e+00 -3.32488666e-19)	8
0.12363636      	p               	2.67465609e-01	(6.31250000e-01 2.06250000e-01 7.31836466e-20)	9	1.65224861e+01	(5.06250000e-01 6.25000000e-03 -4.92910432e-20)	8
0.18171429      	mag(U)          	1.38881633e-02	(5.93750000e-01 0.00000000e+00 1.76363553e-18)	8	3.24423318e+00	(6.68750000e-01 2.18750000e-01 1.97364951e-19)	9
0.18171429      	rho             	1.47944847e-01	(6.31250000e-01 2.06250000e-01 7.31836466e-20)	9	5.89263255e+00	(4.81250000e-01 1.18750000e-01 -3.78928659e-18)	8
0.18171429      	p               	1.17869526e-01	(6.31250000e-01 2.06250000e-01 7.31836466e-20)	9	1.38742170e+01	(4.68750000e-01 6.25000000e-03 3.08596063e-19)	8
0.2377037       	mag(U)          	1.79800742e-02	(6.00000000e-01 6.25000000e-03 -4.33680869e-20)	8	3.38563680e+00	(7.06250000e-01 2.18750000e-01 1.19724029e-18)	9
0.2377037       	rho             	8.00097282e-02	(6.43750000e-01 2.06250000e-01 -2.14139968e-18)	9	5.68557483e+00	(4.68750000e-01 1.31250000e-01 -1.16993446e-18)	8
0.2377037       	p               	4.62413389e-02	(6.31250000e-01 2.06250000e-01 7.31836466e-20)	9	1.29988785e+01	(5.18750000e-01 6.25000000e-03 4.29564916e-19)	8
0.29333333      	mag(U)          	8.09739902e-03	(5.93750000e-01 0.00000000e+00 1.76363553e-18)	8	3.43901549e+00	(7.18750000e-01 2.18750000e-01 -2.73761049e-19)	9
0.29333333      	rho             	6.06300938e-02	(6.43750000e-01 2.06250000e-01 -2.14139968e-18)	9	5.75240030e+00	(4.43750000e-01 6.25000000e-03 -5.85870730e-19)	8
0.29333333      	p               	3.91908646e-02	(6.43750000e-01 2.06250000e-01 -2.14139968e-18)	9	1.27550210e+01	(5.56250000e-01 6.25000000e-03 4.86786698e-19)	8
0.34864865      	mag(U)          	1.35260436e-02	(5.93750000e-01 0.00000000e+00 1.76363553e-18)	8	3.39655554e+00	(7.06250000e-01 2.18750000e-01 1.19724029e-18)	9
0.34864865      	rho             	4.49714290e-02	(6.43750000e-01 2.06250000e-01 -2.14139968e-18)	9	5.68136083e+00	(4.31250000e-01 6.25000000e-03 5.91693297e-19)	8
0.34864865      	p               	3.01386833e-02	(6.43750000e-01 2.06250000e-01 -2.14139968e-18)	9	1.28064462e+01	(5.56250000e-01 6.25000000e-03 4.86786698e-19)	8
0.40372201      	mag(U)          	1.78389683e-02	(5.93750000e-01 0.00000000e+00 1.76363553e-18)	8	3.47752173e+00	(7.18750000e-01 2.18750000e-01 -2.73761049e-19)	9
0.40372201      	rho             	4.12309511e-02	(6.43750000e-01 2.06250000e-01 -2.14139968e-18)	9	5.64147377e+00	(4.68750000e-01 8.12500000e-02 2.84562915e-18)	8
0.40372201      	p               	2.73890597e-02	(6.43750000e-01 2.06250000e-01 -2.14139968e-18)	9	1.27382117e+01	(5.43750000e-01 6.25000000e-03 4.86786698e-19)	8
0.45832246      	mag(U)          	1.32429637e-02	(5.93750000e-01 0.00000000e+00 1.76363553e-18)	8	3.43466383e+00	(7.18750000e-01 2.18750000e-01 -2.73761049e-19)	9
0.45832246      	rho             	7.25142361e-02	(6.56250000e-01 2.06250000e-01 -6.03338431e-20)	9	5.77850579e+00	(4.68750000e-01 6.25000000e-03 3.08596063e-19)	8
0.45832246      	p               	6.20698160e-02	(6.56250000e-01 2.06250000e-01 -6.03338431e-20)	9	1.25165728e+01	(5.56250000e-01 6.25000000e-03 4.86786698e-19)	8
0.5124871       	mag(U)          	2.35395704e-02	(6.00000000e-01 6.25000000e-03 -4.33680869e-20)	8	3.44873867e+00	(6.68750000e-01 2.18750000e-01 1.97364951e-19)	9
0.5124871       	rho             	5.67563904e-02	(6.68750000e-01 2.06250000e-01 3.18133026e-19)	9	5.78383646e+00	(4.68750000e-01 6.25000000e-03 3.08596063e-19)	8
0.5124871       	p               	5.43176433e-02	(6.56250000e-01 2.06250000e-01 -6.03338431e-20)	9	1.26437529e+01	(5.93750000e-01 6.25000000e-03 -3.33502596e-18)	8
0.56742915      	mag(U)          	2.36942662e-02	(6.00000000e-01 6.25000000e-03 -4.33680869e-20)	8	3.39443501e+00	(7.43750000e-01 2.31250000e-01 -1.20005118e-18)	14
0.56742915      	rho             	4.98833952e-02	(6.56250000e-01 2.06250000e-01 -6.03338431e-20)	9	5.82462515e+00	(5.06250000e-01 6.25000000e-03 -4.92910432e-20)	8
0.56742915      	p               	4.28829338e-02	(6.56250000e-01 2.06250000e-01 -6.03338431e-20)	9	1.24685578e+01	(5.43750000e-01 6.25000000e-03 4.86786698e-19)	8
0.62277778      	mag(U)          	2.47648813e-02	(6.00000000e-01 6.25000000e-03 -4.33680869e-20)	8	3.39838314e+00	(7.18750000e-01 2.18750000e-01 -2.73761049e-19)	9
0.62277778      	rho             	7.83166421e-02	(6.31250000e-01 2.06250000e-01 7.31836466e-20)	9	5.75193872e+00	(4.56250000e-01 6.25000000e-03 -8.68466018e-19)	8
0.62277778      	p               	4.15117873e-02	(6.31250000e-01 2.06250000e-01 7.31836466e-20)	9	1.25606490e+01	(5.93750000e-01 6.25000000e-03 -3.33502596e-18)	8
0.67739938      	mag(U)          	2.45413302e-02	(6.00000000e-01 6.25000000e-03 -4.33680869e-20)	8	3.38326013e+00	(6.56250000e-01 2.18750000e-01 4.81827477e-18)	9
0.67739938      	rho             	5.89351209e-02	(6.56250000e-01 2.06250000e-01 -6.03338431e-20)	9	6.41986550e+00	(1.25625000e+00 9.93750000e-01 -7.19271768e-17)	13
0.67739938      	p               	5.10786218e-02	(6.56250000e-01 2.06250000e-01 -6.03338431e-20)	9	1.23589722e+01	(5.31250000e-01 6.25000000e-03 5.91693297e-19)	8
0.73193548      	mag(U)          	2.50023762e-02	(6.00000000e-01 6.25000000e-03 -4.33680869e-20)	8	3.39012102e+00	(7.18750000e-01 2.18750000e-01 -2.73761049e-19)	9
0.73193548      	rho             	3.62045979e-02	(6.43750000e-01 2.06250000e-01 -2.14139968e-18)	9	6.87896889e+00	(1.18125000e+00 9.93750000e-01 3.42965272e-17)	13
0.73193548      	p               	1.79082878e-02	(6.43750000e-01 2.06250000e-01 -2.14139968e-18)	9	1.24304529e+01	(5.81250000e-01 6.25000000e-03 -4.92910432e-20)	8
0.788           	mag(U)          	2.10793037e-02	(5.93750000e-01 0.00000000e+00 1.76363553e-18)	8	3.31041758e+00	(7.18750000e-01 2.18750000e-01 -2.73761049e-19)	9
0.788           	rho             	4.66631364e-02	(6.56250000e-01 2.06250000e-01 -6.03338431e-20)	9	7.31760087e+00	(1.13125000e+00 9.93750000e-01 3.51548539e-17)	13
0.788           	p               	3.31502541e-02	(6.56250000e-01 2.06250000e-01 -6.03338431e-20)	9	1.22745126e+01	(5.43750000e-01 6.25000000e-03 4.86786698e-19)	8
0.84457143      	mag(U)          	2.40694390e-02	(6.00000000e-01 6.25000000e-03 -4.33680869e-20)	8	3.28327670e+00	(6.56250000e-01 2.18750000e-01 4.81827477e-18)	9
0.84457143      	rho             	4.37736992e-02	(6.56250000e-01 2.06250000e-01 -6.03338431e-20)	9	7.70107778e+00	(1.08125000e+00 9.93750000e-01 -2.13467361e-18)	13
0.84457143      	p               	3.32341923e-02	(6.56250000e-01 2.06250000e-01 -6.03338431e-20)	9	1.25215872e+01	(1.09375000e+00 9.93750000e-01 3.48878189e-17)	13
0.9016835       	mag(U)          	2.37214893e-02	(5.93750000e-01 0.00000000e+00 1.76363553e-18)	8	3.28376530e+00	(2.78125000e+00 8.68750000e-01 -2.22450578e-16)	5
0.9016835       	rho             	3.46466497e-02	(6.56250000e-01 2.06250000e-01 -6.03338431e-20)	9	8.04461052e+00	(1.05625000e+00 9.93750000e-01 3.36018347e-17)	13
0.9016835       	p               	1.99127553e-02	(6.43750000e-01 2.06250000e-01 -2.14139968e-18)	9	1.34608719e+01	(1.05625000e+00 9.93750000e-01 3.36018347e-17)	13
0.95941176      	mag(U)          	2.39617998e-02	(6.00000000e-01 6.25000000e-03 -4.33680869e-20)	8	3.29974900e+00	(7.18750000e-01 2.18750000e-01 -2.73761049e-19)	9
0.95941176      	rho             	6.50303505e-02	(6.56250000e-01 2.06250000e-01 -6.03338431e-20)	9	8.34427855e+00	(1.01875000e+00 9.93750000e-01 3.76967056e-17)	13
0.95941176      	p               	4.63836664e-02	(6.56250000e-01 2.06250000e-01 -6.03338431e-20)	9	1.42393504e+01	(1.03125000e+00 9.93750000e-01 3.43798501e-17)	13
1.0176104       	mag(U)          	2.39022714e-02	(6.00000000e-01 6.25000000e-03 -4.33680869e-20)	8	3.27940830e+00	(2.96875000e+00 8.68750000e-01 -2.22450578e-16)	5
1.0176104       	rho             	6.50966168e-02	(6.68750000e-01 2.06250000e-01 3.18133026e-19)	9	8.61060639e+00	(9.93750000e-01 9.93750000e-01 -2.03187518e-19)	13
1.0176104       	p               	5.54847397e-02	(6.68750000e-01 2.06250000e-01 3.18133026e-19)	9	1.50709670e+01	(1.00625000e+00 9.93750000e-01 3.42122003e-17)	13
1.0750273       	mag(U)          	2.39760260e-02	(6.00000000e-01 6.25000000e-03 -4.33680869e-20)	8	3.28067627e+00	(2.98125000e+00 9.31250000e-01 9.23178072e-19)	5
1.0750273       	rho             	4.43862976e-02	(6.43750000e-01 2.06250000e-01 -2.14139968e-18)	9	8.70104725e+00	(9.81250000e-01 9.93750000e-01 -3.55919480e-18)	13
1.0750273       	p               	2.43269173e-02	(6.43750000e-01 2.06250000e-01 -2.14139968e-18)	9	1.54762025e+01	(9.81250000e-01 9.93750000e-01 -3.55919480e-18)	13
1.1337037       	mag(U)          	2.31124020e-02	(5.93750000e-01 0.00000000e+00 1.76363553e-18)	8	3.27532589e+00	(2.96875000e+00 8.81250000e-01 -7.44790675e-17)	5
1.1337037       	rho             	5.51254897e-02	(6.43750000e-01 2.06250000e-01 -2.14139968e-18)	9	8.89044555e+00	(9.68750000e-01 9.93750000e-01 4.16590630e-17)	12
1.1337037       	p               	2.73924253e-02	(6.31250000e-01 2.06250000e-01 7.31836466e-20)	9	1.61195727e+01	(9.68750000e-01 9.93750000e-01 4.16590630e-17)	12
1.1920471       	mag(U)          	2.29112698e-02	(6.00000000e-01 6.25000000e-03 -4.33680869e-20)	8	3.26826319e+00	(2.99375000e+00 8.68750000e-01 -2.33304245e-19)	5
1.1920471       	rho             	7.12662371e-02	(6.68750000e-01 2.06250000e-01 3.18133026e-19)	9	9.23604982e+00	(9.43750000e-01 9.93750000e-01 3.58766514e-17)	12
1.1920471       	p               	5.78518859e-02	(6.68750000e-01 2.06250000e-01 3.18133026e-19)	9	1.69630003e+01	(9.43750000e-01 9.93750000e-01 3.58766514e-17)	12
1.251369        	mag(U)          	2.21544421e-02	(6.00000000e-01 6.25000000e-03 -4.33680869e-20)	8	3.24904469e+00	(2.99375000e+00 8.81250000e-01 -3.76398854e-18)	5
1.251369        	rho             	5.39887582e-02	(6.43750000e-01 2.06250000e-01 -2.14139968e-18)	9	9.46915474e+00	(9.31250000e-01 9.93750000e-01 2.56996071e-20)	12
1.251369        	p               	3.18977846e-02	(6.43750000e-01 2.06250000e-01 -2.14139968e-18)	9	1.77307752e+01	(9.31250000e-01 9.93750000e-01 2.56996071e-20)	12
1.3100189       	mag(U)          	2.22206058e-02	(6.00000000e-01 6.25000000e-03 -4.33680869e-20)	8	3.24337652e+00	(2.99375000e+00 9.18750000e-01 2.32501133e-19)	5
1.3100189       	rho             	7.16404726e-02	(6.31250000e-01 2.06250000e-01 7.31836466e-20)	9	9.61215216e+00	(9.18750000e-01 9.93750000e-01 3.54730873e-17)	12
1.3100189       	p               	2.71825463e-02	(6.31250000e-01 2.06250000e-01 7.31836466e-20)	9	1.82930012e+01	(9.18750000e-01 9.93750000e-01 3.54730873e-17)	12
1.370303        	mag(U)          	2.21946960e-02	(6.00000000e-01 6.25000000e-03 -4.33680869e-20)	8	3.23126137e+00	(2.99375000e+00 8.56250000e-01 -2.43784866e-18)	5
1.370303        	rho             	7.84349335e-02	(6.43750000e-01 2.06250000e-01 -2.14139968e-18)	9	9.72607137e+00	(9.06250000e-01 9.93750000e-01 3.58706281e-17)	12
1.370303        	p               	3.48419269e-02	(6.31250000e-01 2.06250000e-01 7.31836466e-20)	9	1.86053089e+01	(9.06250000e-01 9.93750000e-01 3.58706281e-17)	12
1.4299388       	mag(U)          	2.25205175e-02	(6.00000000e-01 6.25000000e-03 -4.33680869e-20)	8	3.21807446e+00	(2.99375000e+00 9.31250000e-01 -2.38363855e-18)	5
1.4299388       	rho             	4.60571513e-02	(6.56250000e-01 2.06250000e-01 -6.03338431e-20)	9	9.67663285e+00	(8.93750000e-01 9.93750000e-01 -3.54012087e-18)	12
1.4299388       	p               	2.53994060e-02	(6.43750000e-01 2.06250000e-01 -2.14139968e-18)	9	1.88091589e+01	(8.93750000e-01 9.93750000e-01 -3.54012087e-18)	12
1.4894805       	mag(U)          	2.27170004e-02	(6.00000000e-01 6.25000000e-03 -4.33680869e-20)	8	3.19825830e+00	(2.99375000e+00 8.56250000e-01 -2.43784866e-18)	5
1.4894805       	rho             	4.58412219e-02	(6.43750000e-01 2.06250000e-01 -2.14139968e-18)	9	9.72587981e+00	(8.81250000e-01 9.93750000e-01 3.53586437e-17)	12
1.4894805       	p               	1.66245703e-02	(6.43750000e-01 2.06250000e-01 -2.14139968e-18)	9	1.91613524e+01	(8.81250000e-01 9.93750000e-01 3.53586437e-17)	12
1.5499567       	mag(U)          	2.27095864e-02	(6.00000000e-01 6.25000000e-03 -4.33680869e-20)	8	3.16400772e+00	(2.91875000e+00 8.31250000e-01 -3.78711819e-17)	5
1.5499567       	rho             	6.06674097e-02	(6.43750000e-01 2.06250000e-01 -2.14139968e-18)	9	9.46774804e+00	(8.68750000e-01 9.93750000e-01 3.77218029e-17)	12
1.5499567       	p               	3.23453863e-02	(6.43750000e-01 2.06250000e-01 -2.14139968e-18)	9	1.87462264e+01	(8.68750000e-01 9.93750000e-01 3.77218029e-17)	12
1.6108371       	mag(U)          	2.24829196e-02	(6.00000000e-01 6.25000000e-03 -4.33680869e-20)	8	3.16682172e+00	(2.99375000e+00 8.68750000e-01 -2.33304245e-19)	5
1.6108371       	rho             	4.74627509e-02	(6.56250000e-01 2.06250000e-01 -6.03338431e-20)	9	8.79433390e+00	(8.56250000e-01 9.93750000e-01 -3.77868550e-17)	12
1.6108371       	p               	2.92635113e-02	(6.56250000e-01 2.06250000e-01 -6.03338431e-20)	9	1.75854440e+01	(8.56250000e-01 9.93750000e-01 -3.77868550e-17)	12
1.6709091       	mag(U)          	2.21891034e-02	(6.00000000e-01 6.25000000e-03 -4.33680869e-20)	8	3.14449353e+00	(2.99375000e+00 9.06250000e-01 3.20100653e-18)	5
1.6709091       	rho             	3.14562618e-02	(6.43750000e-01 2.06250000e-01 -2.14139968e-18)	9	8.20541199e+00	(8.43750000e-01 9.93750000e-01 7.16974866e-17)	12
1.6709091       	p               	1.11230901e-02	(6.43750000e-01 2.06250000e-01 -2.14139968e-18)	9	1.68697807e+01	(8.43750000e-01 9.93750000e-01 7.16974866e-17)	12
1.7316          	mag(U)          	2.20072943e-02	(6.00000000e-01 6.25000000e-03 -4.33680869e-20)	8	3.13544656e+00	(2.99375000e+00 9.81250000e-01 9.48275345e-19)	5
1.7316          	rho             	8.00959082e-02	(6.43750000e-01 2.06250000e-01 -2.14139968e-18)	9	7.79047399e+00	(8.43750000e-01 9.81250000e-01 3.33006674e-17)	12
1.7316          	p               	3.51644651e-02	(6.31250000e-01 2.06250000e-01 7.31836466e-20)	9	1.55273471e+01	(8.43750000e-01 9.93750000e-01 7.16974866e-17)	12
1.7915424       	mag(U)          	2.20969490e-02	(6.00000000e-01 6.25000000e-03 -4.33680869e-20)	8	3.10601426e+00	(2.96875000e+00 9.81250000e-01 -1.49640379e-16)	5
1.7915424       	rho             	5.65696221e-02	(6.56250000e-01 2.06250000e-01 -6.03338431e-20)	9	7.71112240e+00	(8.43750000e-01 9.68750000e-01 3.77308379e-17)	12
1.7915424       	p               	3.92683698e-02	(6.56250000e-01 2.06250000e-01 -6.03338431e-20)	9	1.48971881e+01	(8.31250000e-01 9.81250000e-01 -4.08985153e-19)	12
1.8527273       	mag(U)          	2.20842517e-02	(6.00000000e-01 6.25000000e-03 -4.33680869e-20)	8	3.10008637e+00	(2.99375000e+00 9.06250000e-01 3.20100653e-18)	5
1.8527273       	rho             	5.14712167e-02	(6.56250000e-01 2.06250000e-01 -6.03338431e-20)	9	7.62638090e+00	(8.31250000e-01 9.68750000e-01 -1.32352976e-18)	12
1.8527273       	p               	3.40050876e-02	(6.56250000e-01 2.06250000e-01 -6.03338431e-20)	9	1.44605496e+01	(8.18750000e-01 9.81250000e-01 2.47559496e-19)	12
1.9137701       	mag(U)          	2.22365230e-02	(6.00000000e-01 6.25000000e-03 -4.33680869e-20)	8	3.10200185e+00	(2.99375000e+00 9.06250000e-01 3.20100653e-18)	5
1.9137701       	rho             	5.36651917e-02	(6.43750000e-01 2.06250000e-01 -2.14139968e-18)	9	7.49428146e+00	(8.43750000e-01 9.56250000e-01 7.39160854e-17)	12
1.9137701       	p               	2.60265658e-02	(6.43750000e-01 2.06250000e-01 -2.14139968e-18)	9	1.39273796e+01	(8.18750000e-01 9.68750000e-01 -1.28899592e-19)	12
1.9743841       	mag(U)          	2.24207566e-02	(6.00000000e-01 6.25000000e-03 -4.33680869e-20)	8	3.09019945e+00	(3.43750000e-01 2.81250000e-01 1.50027480e-17)	9
1.9743841       	rho             	9.42536773e-02	(6.31250000e-01 2.06250000e-01 7.31836466e-20)	9	7.37448167e+00	(8.56250000e-01 9.43750000e-01 -3.39700618e-17)	12
1.9743841       	p               	4.06373884e-02	(6.31250000e-01 2.06250000e-01 7.31836466e-20)	9	1.40872984e+01	(8.06250000e-01 9.68750000e-01 -3.67919992e-17)	12
2.0352527       	mag(U)          	2.26127743e-02	(6.00000000e-01 6.25000000e-03 -4.33680869e-20)	8	3.07892795e+00	(2.99375000e+00 9.18750000e-01 2.32501133e-19)	5
2.0352527       	rho             	5.61846508e-02	(6.56250000e-01 2.00000000e-01 4.62592927e-19)	9	7.24577020e+00	(8.06250000e-01 9.56250000e-01 1.26650876e-18)	12
2.0352527       	p               	3.59906164e-02	(6.56250000e-01 2.06250000e-01 -6.03338431e-20)	9	1.34546010e+01	(7.93750000e-01 9.68750000e-01 -7.25526008e-17)	12
2.0963889       	mag(U)          	2.26411488e-02	(6.00000000e-01 6.25000000e-03 -4.33680869e-20)	8	3.07927052e+00	(3.56250000e-01 3.31250000e-01 1.62228770e-19)	9
2.0963889       	rho             	4.06615137e-02	(6.43750000e-01 2.06250000e-01 -2.14139968e-18)	9	7.06601813e+00	(8.06250000e-01 9.43750000e-01 4.23240404e-19)	12
2.0963889       	p               	1.68376753e-02	(6.43750000e-01 2.06250000e-01 -2.14139968e-18)	9	1.33277761e+01	(7.93750000e-01 9.56250000e-01 -7.29902973e-17)	12
2.1568531       	mag(U)          	2.23877091e-02	(6.00000000e-01 6.25000000e-03 -4.33680869e-20)	8	3.12903644e+00	(7.18750000e-01 2.18750000e-01 -2.73761049e-19)	9
2.1568531       	rho             	8.10913048e-02	(6.31250000e-01 2.06250000e-01 7.31836466e-20)	9	7.20068251e+00	(7.81250000e-01 9.43750000e-01 7.19936344e-17)	12
2.1568531       	p               	3.15970147e-02	(6.31250000e-01 2.06250000e-01 7.31836466e-20)	9	1.32011628e+01	(7.81250000e-01 9.43750000e-01 7.19936344e-17)	12
2.2169309       	mag(U)          	2.21835798e-02	(6.00000000e-01 6.25000000e-03 -4.33680869e-20)	8	3.08347484e+00	(3.43750000e-01 2.93750000e-01 -1.90120874e-17)	9
2.2169309       	rho             	6.63711894e-02	(6.68750000e-01 2.06250000e-01 3.18133026e-19)	9	6.94740018e+00	(7.81250000e-01 9.31250000e-01 7.37695174e-17)	12
2.2169309       	p               	4.93724897e-02	(6.68750000e-01 2.06250000e-01 3.18133026e-19)	9	1.32406215e+01	(7.68750000e-01 9.43750000e-01 1.22073133e-19)	12
2.2769904       	mag(U)          	2.17742989e-02	(6.00000000e-01 6.25000000e-03 -4.33680869e-20)	8	3.13765233e+00	(7.18750000e-01 2.18750000e-01 -2.73761049e-19)	9
2.2769904       	rho             	5.07233710e-02	(6.43750000e-01 2.06250000e-01 -2.14139968e-18)	9	7.11779800e+00	(7.68750000e-01 9.31250000e-01 2.42299108e-18)	12
2.2769904       	p               	2.07819302e-02	(6.43750000e-01 2.06250000e-01 -2.14139968e-18)	9	1.30806093e+01	(7.68750000e-01 9.31250000e-01 2.42299108e-18)	12
2.33875         	mag(U)          	2.14904762e-02	(6.00000000e-01 6.25000000e-03 -4.33680869e-20)	8	3.15978022e+00	(7.31250000e-01 2.18750000e-01 -3.59633876e-18)	9
2.33875         	rho             	5.64097780e-02	(6.43750000e-01 2.00000000e-01 1.01192203e-19)	9	7.04461434e+00	(7.56250000e-01 9.31250000e-01 3.17229525e-20)	12
2.33875         	p               	2.15550310e-02	(6.31250000e-01 2.06250000e-01 7.31836466e-20)	9	1.35040749e+01	(7.56250000e-01 9.31250000e-01 3.17229525e-20)	12
2.3994123       	mag(U)          	2.13023297e-02	(6.00000000e-01 6.25000000e-03 -4.33680869e-20)	8	3.08331358e+00	(7.18750000e-01 2.18750000e-01 -2.73761049e-19)	9
2.3994123       	rho             	4.68126403e-02	(6.56250000e-01 2.06250000e-01 -6.03338431e-20)	9	6.97520138e+00	(7.56250000e-01 9.18750000e-01 3.39652432e-17)	12
2.3994123       	p               	2.81919642e-02	(6.56250000e-01 2.06250000e-01 -6.03338431e-20)	9	1.28575998e+01	(7.43750000e-01 9.31250000e-01 2.16840434e-20)	12
2.46            	mag(U)          	2.12809930e-02	(6.00000000e-01 6.25000000e-03 -4.33680869e-20)	8	3.07643340e+00	(7.31250000e-01 2.31250000e-01 -3.48992633e-18)	9
2.46            	rho             	3.42521488e-02	(6.43750000e-01 2.06250000e-01 -2.14139968e-18)	9	6.94122324e+00	(7.56250000e-01 9.06250000e-01 -4.09681853e-17)	12
2.46            	p               	9.96923950e-03	(6.43750000e-01 2.06250000e-01 -2.14139968e-18)	9	1.32233118e+01	(7.43750000e-01 9.18750000e-01 3.60021378e-17)	12
2.5218182       	mag(U)          	2.13207818e-02	(6.00000000e-01 6.25000000e-03 -4.33680869e-20)	8	3.11644520e+00	(7.18750000e-01 2.18750000e-01 -2.73761049e-19)	9
2.5218182       	rho             	5.41976794e-02	(6.43750000e-01 2.06250000e-01 -2.14139968e-18)	9	6.94271974e+00	(7.43750000e-01 9.06250000e-01 -4.11790024e-17)	12
2.5218182       	p               	2.37937634e-02	(6.43750000e-01 2.06250000e-01 -2.14139968e-18)	9	1.28668003e+01	(7.31250000e-01 9.18750000e-01 3.46268073e-17)	12
2.5831034       	mag(U)          	2.14158453e-02	(6.00000000e-01 6.25000000e-03 -4.33680869e-20)	8	3.07691532e+00	(3.31250000e-01 2.56250000e-01 4.98532221e-19)	9
2.5831034       	rho             	9.12049365e-02	(6.56250000e-01 2.06250000e-01 -6.03338431e-20)	9	6.82479389e+00	(7.43750000e-01 8.93750000e-01 -3.59888864e-17)	12
2.5831034       	p               	6.31031535e-02	(6.56250000e-01 2.06250000e-01 -6.03338431e-20)	9	1.29517105e+01	(7.31250000e-01 9.06250000e-01 -3.60892755e-17)	12
2.6436364       	mag(U)          	2.14385383e-02	(6.00000000e-01 6.25000000e-03 -4.33680869e-20)	8	3.08350016e+00	(3.31250000e-01 2.56250000e-01 4.98532221e-19)	9
2.6436364       	rho             	4.24871046e-02	(6.56250000e-01 2.06250000e-01 -6.03338431e-20)	9	6.90765732e+00	(7.31250000e-01 8.93750000e-01 -1.11441327e-16)	12
2.6436364       	p               	2.32151526e-02	(6.56250000e-01 2.06250000e-01 -6.03338431e-20)	9	1.27979760e+01	(7.18750000e-01 9.06250000e-01 -3.83209250e-17)	12
2.705322        	mag(U)          	2.14552328e-02	(6.00000000e-01 6.25000000e-03 -4.33680869e-20)	8	3.08457738e+00	(3.31250000e-01 2.56250000e-01 4.98532221e-19)	9
2.705322        	rho             	5.54645136e-02	(6.43750000e-01 2.06250000e-01 -2.14139968e-18)	9	6.83715150e+00	(7.18750000e-01 8.93750000e-01 -1.46927866e-16)	12
2.705322        	p               	2.75809238e-02	(6.43750000e-01 2.06250000e-01 -2.14139968e-18)	9	1.29191352e+01	(7.18750000e-01 8.93750000e-01 -1.46927866e-16)	12
2.7661384       	mag(U)          	2.14428896e-02	(6.00000000e-01 6.25000000e-03 -4.33680869e-20)	8	3.08279539e+00	(3.43750000e-01 3.06250000e-01 2.95605715e-18)	9
2.7661384       	rho             	1.07290459e-01	(6.31250000e-01 2.00000000e-01 4.62592927e-19)	9	6.84590754e+00	(7.18750000e-01 8.81250000e-01 1.46067732e-16)	12
2.7661384       	p               	4.98711137e-02	(6.31250000e-01 2.06250000e-01 7.31836466e-20)	9	1.26897497e+01	(7.06250000e-01 8.93750000e-01 -7.55783280e-17)	12
2.8266414       	mag(U)          	2.14259240e-02	(6.00000000e-01 6.25000000e-03 -4.33680869e-20)	8	3.08705495e+00	(3.43750000e-01 3.06250000e-01 2.95605715e-18)	9
2.8266414       	rho             	4.63231494e-02	(6.56250000e-01 2.06250000e-01 -6.03338431e-20)	9	6.96105280e+00	(7.06250000e-01 8.81250000e-01 7.37554629e-17)	12
2.8266414       	p               	2.54599524e-02	(6.56250000e-01 2.06250000e-01 -6.03338431e-20)	9	1.30739947e+01	(7.06250000e-01 8.81250000e-01 7.37554629e-17)	12
2.8883814       	mag(U)          	2.14162586e-02	(6.00000000e-01 6.25000000e-03 -4.33680869e-20)	8	3.08850947e+00	(3.43750000e-01 3.06250000e-01 2.95605715e-18)	9
2.8883814       	rho             	5.24693361e-02	(6.43750000e-01 2.06250000e-01 -2.14139968e-18)	9	6.81418773e+00	(7.06250000e-01 8.68750000e-01 -7.82446622e-17)	12
2.8883814       	p               	2.40170840e-02	(6.43750000e-01 2.06250000e-01 -2.14139968e-18)	9	1.24993591e+01	(6.93750000e-01 8.81250000e-01 -7.42752776e-17)	12
2.9494541       	mag(U)          	2.15244260e-02	(6.00000000e-01 6.25000000e-03 -4.33680869e-20)	8	3.08900229e+00	(3.43750000e-01 3.06250000e-01 2.95605715e-18)	9
2.9494541       	rho             	1.02077532e-01	(6.31250000e-01 2.06250000e-01 7.31836466e-20)	9	7.02589979e+00	(6.93750000e-01 8.68750000e-01 7.36129104e-17)	12
2.9494541       	p               	4.63075917e-02	(6.31250000e-01 2.06250000e-01 7.31836466e-20)	9	1.31061577e+01	(6.93750000e-01 8.68750000e-01 7.36129104e-17)	12
3.0102118       	mag(U)          	2.15389468e-02	(6.00000000e-01 6.25000000e-03 -4.33680869e-20)	8	3.08899488e+00	(3.43750000e-01 3.06250000e-01 2.95605715e-18)	9
3.0102118       	rho             	5.15354295e-02	(6.56250000e-01 2.06250000e-01 -6.03338431e-20)	9	6.79188039e+00	(6.93750000e-01 8.56250000e-01 7.52060853e-17)	12
3.0102118       	p               	3.04644746e-02	(6.56250000e-01 2.06250000e-01 -6.03338431e-20)	9	1.22334122e+01	(6.93750000e-01 8.68750000e-01 7.36129104e-17)	12
3.0710714       	mag(U)          	2.16381720e-02	(6.00000000e-01 6.25000000e-03 -4.33680869e-20)	8	3.08828748e+00	(3.43750000e-01 3.06250000e-01 2.95605715e-18)	9
3.0710714       	rho             	5.97323750e-02	(6.43750000e-01 2.06250000e-01 -2.14139968e-18)	9	6.91248570e+00	(6.81250000e-01 8.56250000e-01 -3.40258782e-18)	12
3.0710714       	p               	2.51147049e-02	(6.43750000e-01 2.06250000e-01 -2.14139968e-18)	9	1.26848741e+01	(6.81250000e-01 8.56250000e-01 -3.40258782e-18)	12
3.1324765       	mag(U)          	2.17965967e-02	(6.00000000e-01 6.25000000e-03 -4.33680869e-20)	8	3.08726395e+00	(3.43750000e-01 3.06250000e-01 2.95605715e-18)	9
3.1324765       	rho             	1.01805908e-01	(6.56250000e-01 2.06250000e-01 -6.03338431e-20)	9	6.75300927e+00	(6.81250000e-01 8.43750000e-01 2.16840434e-20)	12
3.1324765       	p               	5.67496454e-02	(6.31250000e-01 2.06250000e-01 7.31836466e-20)	9	1.24091434e+01	(6.81250000e-01 8.56250000e-01 -3.40258782e-18)	12
3.1931889       	mag(U)          	2.18730367e-02	(6.00000000e-01 6.25000000e-03 -4.33680869e-20)	8	3.08585732e+00	(3.43750000e-01 3.06250000e-01 2.95605715e-18)	9
3.1931889       	rho             	5.09740639e-02	(6.56250000e-01 2.06250000e-01 -6.03338431e-20)	9	6.74008771e+00	(6.81250000e-01 8.43750000e-01 2.16840434e-20)	12
3.1931889       	p               	3.02063433e-02	(6.56250000e-01 2.06250000e-01 -6.03338431e-20)	9	1.23035637e+01	(6.68750000e-01 8.56250000e-01 -3.84966059e-17)	12
3.2550179       	mag(U)          	2.20023969e-02	(6.00000000e-01 6.25000000e-03 -4.33680869e-20)	8	3.08353779e+00	(3.43750000e-01 3.06250000e-01 2.95605715e-18)	9
3.2550179       	rho             	7.68001241e-02	(6.43750000e-01 2.06250000e-01 -2.14139968e-18)	9	6.87484350e+00	(6.68750000e-01 8.43750000e-01 -1.61164645e-18)	12
3.2550179       	p               	3.36933778e-02	(6.31250000e-01 2.06250000e-01 7.31836466e-20)	9	1.28929360e+01	(6.68750000e-01 8.43750000e-01 -1.61164645e-18)	12
3.3161734       	mag(U)          	2.20075307e-02	(6.00000000e-01 6.25000000e-03 -4.33680869e-20)	8	3.07426185e+00	(3.43750000e-01 3.06250000e-01 2.95605715e-18)	9
3.3161734       	rho             	9.05042872e-02	(6.68750000e-01 2.06250000e-01 3.18133026e-19)	9	6.81745670e+00	(6.68750000e-01 8.31250000e-01 3.91252424e-17)	12
3.3161734       	p               	6.90789153e-02	(6.68750000e-01 2.06250000e-01 3.18133026e-19)	9	1.21072560e+01	(6.68750000e-01 8.31250000e-01 3.91252424e-17)	12
3.3775758       	mag(U)          	2.19781012e-02	(6.00000000e-01 6.25000000e-03 -4.33680869e-20)	8	3.07072056e+00	(3.81250000e-01 4.18750000e-01 -5.56872337e-17)	9
3.3775758       	rho             	7.34184159e-02	(6.56250000e-01 2.06250000e-01 -6.03338431e-20)	9	6.70408090e+00	(6.56250000e-01 8.31250000e-01 3.69377641e-17)	12
3.3775758       	p               	5.20712731e-02	(6.56250000e-01 2.06250000e-01 -6.03338431e-20)	9	1.22995721e+01	(6.56250000e-01 8.31250000e-01 3.69377641e-17)	12
3.4393806       	mag(U)          	2.19777577e-02	(6.00000000e-01 6.25000000e-03 -4.33680869e-20)	8	3.07108595e+00	(3.81250000e-01 4.18750000e-01 -5.56872337e-17)	9
3.4393806       	rho             	5.35767949e-02	(6.43750000e-01 2.06250000e-01 -2.14139968e-18)	9	6.69603394e+00	(6.68750000e-01 8.18750000e-01 -4.19238895e-17)	12
3.4393806       	p               	2.00143383e-02	(6.43750000e-01 2.06250000e-01 -2.14139968e-18)	9	1.26439212e+01	(6.56250000e-01 8.31250000e-01 3.69377641e-17)	12
3.50125         	mag(U)          	2.19582752e-02	(6.00000000e-01 6.25000000e-03 -4.33680869e-20)	8	3.09696190e+00	(6.93750000e-01 2.18750000e-01 1.28032230e-17)	9
3.50125         	rho             	7.31586830e-02	(6.31250000e-01 2.06250000e-01 7.31836466e-20)	9	6.81628212e+00	(6.56250000e-01 8.18750000e-01 -3.88947490e-18)	12
3.50125         	p               	2.65034096e-02	(6.31250000e-01 2.06250000e-01 7.31836466e-20)	9	1.22433234e+01	(6.56250000e-01 8.18750000e-01 -3.88947490e-18)	12
3.5619355       	mag(U)          	2.19211103e-02	(6.00000000e-01 6.25000000e-03 -4.33680869e-20)	8	3.07093762e+00	(3.81250000e-01 4.18750000e-01 -5.56872337e-17)	9
3.5619355       	rho             	6.38527525e-02	(6.43750000e-01 2.06250000e-01 -2.14139968e-18)	9	6.54241319e+00	(6.56250000e-01 8.06250000e-01 2.17402613e-18)	12
3.5619355       	p               	3.72164080e-02	(6.43750000e-01 2.06250000e-01 -2.14139968e-18)	9	1.20459398e+01	(6.43750000e-01 8.18750000e-01 3.93886634e-18)	12
3.6235504       	mag(U)          	2.19373735e-02	(6.00000000e-01 6.25000000e-03 -4.33680869e-20)	8	3.07104278e+00	(3.81250000e-01 4.18750000e-01 -5.56872337e-17)	9
3.6235504       	rho             	3.80932469e-02	(6.43750000e-01 2.06250000e-01 -2.14139968e-18)	9	6.65129376e+00	(6.56250000e-01 8.06250000e-01 2.17402613e-18)	12
3.6235504       	p               	1.19024973e-02	(6.43750000e-01 2.06250000e-01 -2.14139968e-18)	9	1.25076647e+01	(6.43750000e-01 8.18750000e-01 3.93886634e-18)	12
3.6849537       	mag(U)          	2.19839612e-02	(6.00000000e-01 6.25000000e-03 -4.33680869e-20)	8	3.12267832e+00	(7.18750000e-01 2.18750000e-01 -2.73761049e-19)	9
3.6849537       	rho             	5.25017134e-02	(6.43750000e-01 2.06250000e-01 -2.14139968e-18)	9	6.86185043e+00	(6.43750000e-01 8.06250000e-01 7.45489383e-19)	12
3.6849537       	p               	2.05541675e-02	(6.43750000e-01 2.06250000e-01 -2.14139968e-18)	9	1.24186369e+01	(6.43750000e-01 8.06250000e-01 7.45489383e-19)	12
3.7462796       	mag(U)          	2.19690719e-02	(6.00000000e-01 6.25000000e-03 -4.33680869e-20)	8	3.07107488e+00	(3.81250000e-01 4.18750000e-01 -5.56872337e-17)	9
3.7462796       	rho             	9.58584391e-02	(6.31250000e-01 2.06250000e-01 7.31836466e-20)	9	6.50997499e+00	(6.43750000e-01 7.93750000e-01 -2.23506270e-18)	12
3.7462796       	p               	4.13349082e-02	(6.31250000e-01 2.06250000e-01 7.31836466e-20)	9	1.20020466e+01	(5.93750000e-01 6.25000000e-03 -3.33502596e-18)	8
3.8072353       	mag(U)          	2.19806111e-02	(6.00000000e-01 6.25000000e-03 -4.33680869e-20)	8	3.07109478e+00	(3.81250000e-01 4.18750000e-01 -5.56872337e-17)	9
3.8072353       	rho             	4.95634156e-02	(6.56250000e-01 2.06250000e-01 -6.03338431e-20)	9	6.59262704e+00	(6.43750000e-01 7.93750000e-01 -2.23506270e-18)	12
3.8072353       	p               	2.77446973e-02	(6.43750000e-01 2.06250000e-01 -2.14139968e-18)	9	1.22204727e+01	(6.31250000e-01 8.06250000e-01 1.94815068e-18)	12
3.8691129       	mag(U)          	2.20034787e-02	(6.00000000e-01 6.25000000e-03 -4.33680869e-20)	8	3.07232382e+00	(3.31250000e-01 2.68750000e-01 1.38797956e-18)	9
3.8691129       	rho             	3.88435054e-02	(6.43750000e-01 2.06250000e-01 -2.14139968e-18)	9	6.86218816e+00	(6.31250000e-01 7.93750000e-01 -7.06136859e-19)	12
3.8691129       	p               	1.33037992e-02	(6.43750000e-01 2.06250000e-01 -2.14139968e-18)	9	1.24669689e+01	(6.31250000e-01 7.93750000e-01 -7.06136859e-19)	12
3.9300383       	mag(U)          	2.20186644e-02	(6.00000000e-01 6.25000000e-03 -4.33680869e-20)	8	3.07445408e+00	(3.31250000e-01 2.68750000e-01 1.38797956e-18)	9
3.9300383       	rho             	9.94480665e-02	(6.68750000e-01 2.06250000e-01 3.18133026e-19)	9	6.49228282e+00	(6.43750000e-01 7.81250000e-01 2.53743464e-18)	12
3.9300383       	p               	4.70377687e-02	(6.31250000e-01 2.06250000e-01 7.31836466e-20)	9	1.20055148e+01	(5.93750000e-01 6.25000000e-03 -3.33502596e-18)	8
3.9915152       	mag(U)          	2.19955390e-02	(6.00000000e-01 6.25000000e-03 -4.33680869e-20)	8	3.07491300e+00	(3.31250000e-01 2.68750000e-01 1.38797956e-18)	9
3.9915152       	rho             	6.43651213e-02	(6.56250000e-01 2.06250000e-01 -6.03338431e-20)	9	6.52512901e+00	(6.31250000e-01 7.81250000e-01 2.16840434e-20)	12
3.9915152       	p               	4.32044167e-02	(6.56250000e-01 2.06250000e-01 -6.03338431e-20)	9	1.20126507e+01	(5.93750000e-01 6.25000000e-03 -3.33502596e-18)	8
4.0525485       	mag(U)          	2.20315025e-02	(6.00000000e-01 6.25000000e-03 -4.33680869e-20)	8	3.09465445e+00	(7.18750000e-01 2.18750000e-01 -2.73761049e-19)	9
4.0525485       	rho             	4.47045349e-02	(6.43750000e-01 2.06250000e-01 -2.14139968e-18)	9	6.69062182e+00	(6.18750000e-01 7.81250000e-01 2.47559496e-19)	12
4.0525485       	p               	1.55389825e-02	(6.43750000e-01 2.06250000e-01 -2.14139968e-18)	9	1.20670460e+01	(6.18750000e-01 7.81250000e-01 2.47559496e-19)	12
4.1130952       	mag(U)          	2.20173006e-02	(6.00000000e-01 6.25000000e-03 -4.33680869e-20)	8	3.07644252e+00	(3.31250000e-01 2.68750000e-01 1.38797956e-18)	9
4.1130952       	rho             	9.00186690e-02	(6.31250000e-01 2.00000000e-01 4.62592927e-19)	9	6.73951886e+00	(6.18750000e-01 7.81250000e-01 2.47559496e-19)	12
4.1130952       	p               	3.68683027e-02	(6.31250000e-01 2.06250000e-01 7.31836466e-20)	9	1.23731896e+01	(6.18750000e-01 7.81250000e-01 2.47559496e-19)	12
4.1738725       	mag(U)          	2.20251077e-02	(6.00000000e-01 6.25000000e-03 -4.33680869e-20)	8	3.07683116e+00	(3.31250000e-01 2.68750000e-01 1.38797956e-18)	9
4.1738725       	rho             	6.18662319e-02	(6.56250000e-01 2.06250000e-01 -6.03338431e-20)	9	6.58609399e+00	(6.18750000e-01 7.68750000e-01 -7.20295737e-17)	12
4.1738725       	p               	4.22293520e-02	(6.56250000e-01 2.06250000e-01 -6.03338431e-20)	9	1.20092621e+01	(5.93750000e-01 6.25000000e-03 -3.33502596e-18)	8
4.2351814       	mag(U)          	2.20070272e-02	(6.00000000e-01 6.25000000e-03 -4.33680869e-20)	8	3.10422778e+00	(7.31250000e-01 2.18750000e-01 -3.59633876e-18)	9
4.2351814       	rho             	4.32759340e-02	(6.43750000e-01 2.06250000e-01 -2.14139968e-18)	9	6.48457731e+00	(6.18750000e-01 7.68750000e-01 -7.20295737e-17)	12
4.2351814       	p               	1.46626657e-02	(6.43750000e-01 2.06250000e-01 -2.14139968e-18)	9	1.20154924e+01	(5.93750000e-01 6.25000000e-03 -3.33502596e-18)	8
4.296832        	mag(U)          	2.20215070e-02	(6.00000000e-01 6.25000000e-03 -4.33680869e-20)	8	3.07788641e+00	(3.31250000e-01 2.68750000e-01 1.38797956e-18)	9
4.296832        	rho             	9.13790194e-02	(6.43750000e-01 2.06250000e-01 -2.14139968e-18)	9	6.61986773e+00	(6.06250000e-01 7.68750000e-01 -7.29039626e-17)	12
4.296832        	p               	3.77785318e-02	(6.31250000e-01 2.06250000e-01 7.31836466e-20)	9	1.21247370e+01	(6.06250000e-01 7.68750000e-01 -7.29039626e-17)	12
4.3575448       	mag(U)          	2.19875816e-02	(6.00000000e-01 6.25000000e-03 -4.33680869e-20)	8	3.07805056e+00	(3.31250000e-01 2.68750000e-01 1.38797956e-18)	9
4.3575448       	rho             	7.28736072e-02	(6.56250000e-01 2.06250000e-01 -6.03338431e-20)	9	6.58233435e+00	(6.06250000e-01 7.68750000e-01 -7.29039626e-17)	12
4.3575448       	p               	5.26149786e-02	(6.56250000e-01 2.06250000e-01 -6.03338431e-20)	9	1.21759751e+01	(6.06250000e-01 7.68750000e-01 -7.29039626e-17)	12
4.4182353       	mag(U)          	2.19857222e-02	(6.00000000e-01 6.25000000e-03 -4.33680869e-20)	8	3.07830031e+00	(3.31250000e-01 2.68750000e-01 1.38797956e-18)	9
4.4182353       	rho             	4.98173749e-02	(6.43750000e-01 2.06250000e-01 -2.14139968e-18)	9	6.64885690e+00	(6.06250000e-01 7.56250000e-01 7.12607940e-17)	12
4.4182353       	p               	1.94835797e-02	(6.43750000e-01 2.06250000e-01 -2.14139968e-18)	9	1.20166011e+01	(5.93750000e-01 6.25000000e-03 -3.33502596e-18)	8
4.48            	mag(U)          	2.19969314e-02	(6.00000000e-01 6.25000000e-03 -4.33680869e-20)	8	3.08227298e+00	(6.93750000e-01 2.18750000e-01 1.28032230e-17)	9
4.48            	rho             	7.08374657e-02	(6.43750000e-01 2.06250000e-01 -2.14139968e-18)	9	6.49670195e+00	(6.06250000e-01 7.56250000e-01 7.12607940e-17)	12
4.48            	p               	2.50301531e-02	(6.31250000e-01 2.06250000e-01 7.31836466e-20)	9	1.20142370e+01	(5.93750000e-01 6.25000000e-03 -3.33502596e-18)	8
4.54125         	mag(U)          	2.19842726e-02	(6.00000000e-01 6.25000000e-03 -4.33680869e-20)	8	3.09904844e+00	(7.18750000e-01 2.18750000e-01 -2.73761049e-19)	9
4.54125         	rho             	7.28512802e-02	(6.43750000e-01 2.06250000e-01 -2.14139968e-18)	9	6.40594577e+00	(5.93750000e-01 7.56250000e-01 1.68252115e-19)	12
4.54125         	p               	4.31081436e-02	(6.43750000e-01 2.06250000e-01 -2.14139968e-18)	9	1.20066725e+01	(5.93750000e-01 6.25000000e-03 -3.33502596e-18)	8
4.6024081       	mag(U)          	2.19616022e-02	(6.00000000e-01 6.25000000e-03 -4.33680869e-20)	8	3.07900333e+00	(3.31250000e-01 2.68750000e-01 1.38797956e-18)	9
4.6024081       	rho             	3.85004561e-02	(6.43750000e-01 2.06250000e-01 -2.14139968e-18)	9	6.43959798e+00	(6.06250000e-01 7.43750000e-01 -2.91529917e-19)	12
4.6024081       	p               	1.24825385e-02	(6.43750000e-01 2.06250000e-01 -2.14139968e-18)	9	1.20166779e+01	(5.93750000e-01 6.25000000e-03 -3.33502596e-18)	8
4.6643103       	mag(U)          	2.19782119e-02	(6.00000000e-01 6.25000000e-03 -4.33680869e-20)	8	3.08514592e+00	(7.18750000e-01 2.18750000e-01 -2.73761049e-19)	9
4.6643103       	rho             	4.44401890e-02	(6.43750000e-01 2.06250000e-01 -2.14139968e-18)	9	6.56271321e+00	(5.93750000e-01 7.43750000e-01 -4.47133007e-19)	12
4.6643103       	p               	1.71863042e-02	(6.43750000e-01 2.06250000e-01 -2.14139968e-18)	9	1.20149656e+01	(5.93750000e-01 6.25000000e-03 -3.33502596e-18)	8
4.7256912       	mag(U)          	2.19638497e-02	(6.00000000e-01 6.25000000e-03 -4.33680869e-20)	8	3.07978120e+00	(3.31250000e-01 2.68750000e-01 1.38797956e-18)	9
4.7256912       	rho             	8.36605307e-02	(6.56250000e-01 2.06250000e-01 -6.03338431e-20)	9	6.66389298e+00	(5.93750000e-01 7.43750000e-01 -4.47133007e-19)	12
4.7256912       	p               	5.64113594e-02	(6.56250000e-01 2.06250000e-01 -6.03338431e-20)	9	1.20093277e+01	(5.93750000e-01 6.25000000e-03 -3.33502596e-18)	8
4.7866667       	mag(U)          	2.19464457e-02	(6.00000000e-01 6.25000000e-03 -4.33680869e-20)	8	3.07970486e+00	(3.31250000e-01 2.68750000e-01 1.38797956e-18)	9
4.7866667       	rho             	3.98307367e-02	(6.56250000e-01 2.06250000e-01 -6.03338431e-20)	9	6.32735927e+00	(5.93750000e-01 7.43750000e-01 -4.47133007e-19)	12
4.7866667       	p               	2.06875171e-02	(6.56250000e-01 2.06250000e-01 -6.03338431e-20)	9	1.20139559e+01	(5.93750000e-01 6.25000000e-03 -3.33502596e-18)	8
4.8489455       	mag(U)          	2.19577587e-02	(6.00000000e-01 6.25000000e-03 -4.33680869e-20)	8	3.08009289e+00	(3.31250000e-01 2.68750000e-01 1.38797956e-18)	9
4.8489455       	rho             	5.04570679e-02	(6.43750000e-01 2.06250000e-01 -2.14139968e-18)	9	6.33654675e+00	(5.93750000e-01 7.31250000e-01 2.47318562e-18)	12
4.8489455       	p               	2.61539915e-02	(6.43750000e-01 2.06250000e-01 -2.14139968e-18)	9	1.20149180e+01	(5.93750000e-01 6.25000000e-03 -3.33502596e-18)	8
4.9107          	mag(U)          	2.19525476e-02	(6.00000000e-01 6.25000000e-03 -4.33680869e-20)	8	3.08040439e+00	(3.31250000e-01 2.68750000e-01 1.38797956e-18)	9
4.9107          	rho             	1.06770036e-01	(6.68750000e-01 2.06250000e-01 3.18133026e-19)	9	6.49040179e+00	(5.81250000e-01 7.31250000e-01 -3.89152284e-17)	11
4.9107          	p               	5.19919348e-02	(6.31250000e-01 2.06250000e-01 7.31836466e-20)	9	1.20110897e+01	(5.93750000e-01 6.25000000e-03 -3.33502596e-18)	8
4.9722424       	mag(U)          	2.19403902e-02	(6.00000000e-01 6.25000000e-03 -4.33680869e-20)	8	3.08031379e+00	(3.31250000e-01 2.68750000e-01 1.38797956e-18)	9
4.9722424       	rho             	6.76594404e-02	(6.68750000e-01 2.06250000e-01 3.18133026e-19)	9	6.57067434e+00	(5.81250000e-01 7.31250000e-01 -3.89152284e-17)	11
4.9722424       	p               	4.96705220e-02	(6.68750000e-01 2.06250000e-01 3.18133026e-19)	9	1.20122342e+01	(5.93750000e-01 6.25000000e-03 -3.33502596e-18)	8
5.0345625       	mag(U)          	2.19548492e-02	(6.00000000e-01 6.25000000e-03 -4.33680869e-20)	8	3.08041874e+00	(3.31250000e-01 2.68750000e-01 1.38797956e-18)	9
5.0345625       	rho             	7.70896972e-02	(6.43750000e-01 2.06250000e-01 -2.14139968e-18)	9	6.48841767e+00	(5.81250000e-01 7.31250000e-01 -3.89152284e-17)	11
5.0345625       	p               	4.61295328e-02	(6.43750000e-01 2.06250000e-01 -2.14139968e-18)	9	1.20143174e+01	(5.93750000e-01 6.25000000e-03 -3.33502596e-18)	8
5.0967742       	mag(U)          	2.19524049e-02	(6.00000000e-01 6.25000000e-03 -4.33680869e-20)	8	3.08080096e+00	(3.31250000e-01 2.68750000e-01 1.38797956e-18)	9
5.0967742       	rho             	7.46305419e-02	(6.43750000e-01 2.06250000e-01 -2.14139968e-18)	9	6.33996043e+00	(5.81250000e-01 7.18750000e-01 4.05999581e-17)	11
5.0967742       	p               	2.65477004e-02	(6.31250000e-01 2.06250000e-01 7.31836466e-20)	9	1.20142082e+01	(5.93750000e-01 6.25000000e-03 -3.33502596e-18)	8
5.1587071       	mag(U)          	2.19315673e-02	(6.00000000e-01 6.25000000e-03 -4.33680869e-20)	8	3.08076304e+00	(3.31250000e-01 2.68750000e-01 1.38797956e-18)	9
5.1587071       	rho             	9.10396842e-02	(6.31250000e-01 2.06250000e-01 7.31836466e-20)	9	6.35637007e+00	(5.81250000e-01 7.18750000e-01 4.05999581e-17)	11
5.1587071       	p               	3.90275898e-02	(6.31250000e-01 2.06250000e-01 7.31836466e-20)	9	1.20092324e+01	(5.93750000e-01 6.25000000e-03 -3.33502596e-18)	8
5.22            	mag(U)          	2.19369427e-02	(6.00000000e-01 6.25000000e-03 -4.33680869e-20)	8	3.08077669e+00	(3.31250000e-01 2.68750000e-01 1.38797956e-18)	9
5.22            	rho             	6.03013292e-02	(6.43750000e-01 2.06250000e-01 -2.14139968e-18)	9	6.34286055e+00	(5.68750000e-01 7.18750000e-01 7.35402287e-17)	10
5.22            	p               	3.13552664e-02	(6.43750000e-01 2.06250000e-01 -2.14139968e-18)	9	1.20168563e+01	(5.93750000e-01 6.25000000e-03 -3.33502596e-18)	8
5.2824242       	mag(U)          	2.19411830e-02	(6.00000000e-01 6.25000000e-03 -4.33680869e-20)	8	3.08109362e+00	(3.31250000e-01 2.68750000e-01 1.38797956e-18)	9
5.2824242       	rho             	3.75324055e-02	(6.43750000e-01 2.06250000e-01 -2.14139968e-18)	9	6.44206723e+00	(5.68750000e-01 7.18750000e-01 7.35402287e-17)	10
5.2824242       	p               	1.11633160e-02	(6.43750000e-01 2.06250000e-01 -2.14139968e-18)	9	1.20151590e+01	(5.93750000e-01 6.25000000e-03 -3.33502596e-18)	8
5.343125        	mag(U)          	2.19365542e-02	(6.00000000e-01 6.25000000e-03 -4.33680869e-20)	8	3.09039351e+00	(7.06250000e-01 2.18750000e-01 1.19724029e-18)	9
5.343125        	rho             	8.71444064e-02	(6.31250000e-01 2.06250000e-01 7.31836466e-20)	9	6.42574872e+00	(5.68750000e-01 7.18750000e-01 7.35402287e-17)	10
5.343125        	p               	3.48126482e-02	(6.31250000e-01 2.06250000e-01 7.31836466e-20)	9	1.20080159e+01	(5.93750000e-01 6.25000000e-03 -3.33502596e-18)	8
5.4036364       	mag(U)          	2.19277949e-02	(6.00000000e-01 6.25000000e-03 -4.33680869e-20)	8	3.08097791e+00	(3.31250000e-01 2.68750000e-01 1.38797956e-18)	9
5.4036364       	rho             	6.87571585e-02	(6.56250000e-01 2.06250000e-01 -6.03338431e-20)	9	6.36527230e+00	(5.68750000e-01 7.06250000e-01 7.19876110e-17)	10
5.4036364       	p               	4.72113780e-02	(6.56250000e-01 2.06250000e-01 -6.03338431e-20)	9	1.20166143e+01	(5.93750000e-01 6.25000000e-03 -3.33502596e-18)	8
5.4647285       	mag(U)          	2.19438088e-02	(6.00000000e-01 6.25000000e-03 -4.33680869e-20)	8	3.08128315e+00	(3.31250000e-01 2.68750000e-01 1.38797956e-18)	9
5.4647285       	rho             	3.81068477e-02	(6.43750000e-01 2.06250000e-01 -2.14139968e-18)	9	6.46358952e+00	(5.68750000e-01 7.06250000e-01 7.19876110e-17)	11
5.4647285       	p               	1.31249185e-02	(6.43750000e-01 2.06250000e-01 -2.14139968e-18)	9	1.20156529e+01	(5.93750000e-01 6.25000000e-03 -3.33502596e-18)	8
5.5254545       	mag(U)          	2.19353329e-02	(6.00000000e-01 6.25000000e-03 -4.33680869e-20)	8	3.08131894e+00	(3.31250000e-01 2.68750000e-01 1.38797956e-18)	9
5.5254545       	rho             	9.43623996e-02	(6.31250000e-01 2.06250000e-01 7.31836466e-20)	9	6.34744818e+00	(5.68750000e-01 7.06250000e-01 7.19876110e-17)	10
5.5254545       	p               	3.92047662e-02	(6.31250000e-01 2.06250000e-01 7.31836466e-20)	9	1.20094582e+01	(5.93750000e-01 6.25000000e-03 -3.33502596e-18)	8
5.5860606       	mag(U)          	2.19272826e-02	(6.00000000e-01 6.25000000e-03 -4.33680869e-20)	8	3.08117645e+00	(3.31250000e-01 2.68750000e-01 1.38797956e-18)	9
5.5860606       	rho             	6.40428512e-02	(6.56250000e-01 2.06250000e-01 -6.03338431e-20)	9	6.22218468e+00	(5.68750000e-01 7.06250000e-01 7.19876110e-17)	10
5.5860606       	p               	4.46112040e-02	(6.56250000e-01 2.06250000e-01 -6.03338431e-20)	9	1.20148193e+01	(5.93750000e-01 6.25000000e-03 -3.33502596e-18)	8
5.6470588       	mag(U)          	2.19390899e-02	(6.00000000e-01 6.25000000e-03 -4.33680869e-20)	8	3.08134710e+00	(3.31250000e-01 2.68750000e-01 1.38797956e-18)	9
5.6470588       	rho             	4.20359671e-02	(6.43750000e-01 2.06250000e-01 -2.14139968e-18)	9	6.16939694e+00	(5.68750000e-01 6.93750000e-01 -7.21593768e-17)	10
5.6470588       	p               	1.51335086e-02	(6.43750000e-01 2.06250000e-01 -2.14139968e-18)	9	1.20158501e+01	(5.93750000e-01 6.25000000e-03 -3.33502596e-18)	8
5.708125        	mag(U)          	2.19380176e-02	(6.00000000e-01 6.25000000e-03 -4.33680869e-20)	8	3.08156309e+00	(3.31250000e-01 2.68750000e-01 1.38797956e-18)	9
5.708125        	rho             	9.59325992e-02	(6.31250000e-01 2.06250000e-01 7.31836466e-20)	9	6.19655077e+00	(5.68750000e-01 6.93750000e-01 -7.21593768e-17)	10
5.708125        	p               	3.99661938e-02	(6.31250000e-01 2.06250000e-01 7.31836466e-20)	9	1.20120934e+01	(5.93750000e-01 6.25000000e-03 -3.33502596e-18)	8
5.7693171       	mag(U)          	2.19327584e-02	(6.00000000e-01 6.25000000e-03 -4.33680869e-20)	8	3.08141015e+00	(3.31250000e-01 2.68750000e-01 1.38797956e-18)	9
5.7693171       	rho             	6.89202924e-02	(6.56250000e-01 2.06250000e-01 -6.03338431e-20)	9	6.35890431e+00	(5.56250000e-01 6.93750000e-01 -2.58401518e-19)	10
5.7693171       	p               	4.92384813e-02	(6.56250000e-01 2.06250000e-01 -6.03338431e-20)	9	1.20115274e+01	(5.93750000e-01 6.25000000e-03 -3.33502596e-18)	8
5.8300293       	mag(U)          	2.19309050e-02	(6.00000000e-01 6.25000000e-03 -4.33680869e-20)	8	3.09950147e+00	(7.31250000e-01 2.18750000e-01 -3.59633876e-18)	9
5.8300293       	rho             	4.37093900e-02	(6.43750000e-01 2.06250000e-01 -2.14139968e-18)	9	6.44385088e+00	(5.56250000e-01 6.93750000e-01 -2.58401518e-19)	10
5.8300293       	p               	1.62417384e-02	(6.43750000e-01 2.06250000e-01 -2.14139968e-18)	9	1.20163621e+01	(5.93750000e-01 6.25000000e-03 -3.33502596e-18)	8
5.891875        	mag(U)          	2.19418251e-02	(6.00000000e-01 6.25000000e-03 -4.33680869e-20)	8	3.08164642e+00	(3.31250000e-01 2.68750000e-01 1.38797956e-18)	9
5.891875        	rho             	7.30523068e-02	(6.43750000e-01 2.06250000e-01 -2.14139968e-18)	9	6.42705473e+00	(5.56250000e-01 6.93750000e-01 -2.58401518e-19)	10
5.891875        	p               	3.23774648e-02	(6.31250000e-01 2.06250000e-01 7.31836466e-20)	9	1.20139385e+01	(5.93750000e-01 6.25000000e-03 -3.33502596e-18)	8
5.9529093       	mag(U)          	2.19378700e-02	(6.00000000e-01 6.25000000e-03 -4.33680869e-20)	8	3.08150318e+00	(3.31250000e-01 2.68750000e-01 1.38797956e-18)	9
5.9529093       	rho             	5.82608587e-02	(6.56250000e-01 2.06250000e-01 -6.03338431e-20)	9	6.26208463e+00	(5.56250000e-01 6.93750000e-01 -2.58401518e-19)	10
5.9529093       	p               	3.96889197e-02	(6.56250000e-01 2.06250000e-01 -6.03338431e-20)	9	1.20088561e+01	(5.93750000e-01 6.25000000e-03 -3.33502596e-18)	8
6.014569        	mag(U)          	2.19243717e-02	(6.00000000e-01 6.25000000e-03 -4.33680869e-20)	8	3.08148936e+00	(3.31250000e-01 2.68750000e-01 1.38797956e-18)	9
6.014569        	rho             	4.55728381e-02	(6.56250000e-01 2.06250000e-01 -6.03338431e-20)	9	6.14496028e+00	(5.56250000e-01 6.81250000e-01 -3.94970836e-18)	10
6.014569        	p               	2.69430805e-02	(6.56250000e-01 2.06250000e-01 -6.03338431e-20)	9	1.20173586e+01	(5.93750000e-01 6.25000000e-03 -3.33502596e-18)	8
6.0769144       	mag(U)          	2.19463743e-02	(6.00000000e-01 6.25000000e-03 -4.33680869e-20)	8	3.08170768e+00	(3.31250000e-01 2.68750000e-01 1.38797956e-18)	9
6.0769144       	rho             	7.10283318e-02	(6.43750000e-01 2.06250000e-01 -2.14139968e-18)	9	6.16514290e+00	(5.56250000e-01 6.81250000e-01 -3.94970836e-18)	10
6.0769144       	p               	3.02019212e-02	(6.31250000e-01 2.06250000e-01 7.31836466e-20)	9	1.20145136e+01	(5.93750000e-01 6.25000000e-03 -3.33502596e-18)	8
6.1381061       	mag(U)          	2.19355200e-02	(6.00000000e-01 6.25000000e-03 -4.33680869e-20)	8	3.10903907e+00	(6.93750000e-01 2.18750000e-01 1.28032230e-17)	9
6.1381061       	rho             	9.85853377e-02	(6.31250000e-01 2.06250000e-01 7.31836466e-20)	9	6.13226746e+00	(5.56250000e-01 6.81250000e-01 -3.94970836e-18)	10
6.1381061       	p               	4.53046356e-02	(6.31250000e-01 2.06250000e-01 7.31836466e-20)	9	1.20090454e+01	(5.93750000e-01 6.25000000e-03 -3.33502596e-18)	8
6.1982729       	mag(U)          	2.19304248e-02	(6.00000000e-01 6.25000000e-03 -4.33680869e-20)	8	3.08150043e+00	(3.31250000e-01 2.68750000e-01 1.38797956e-18)	9
6.1982729       	rho             	4.53160368e-02	(6.43750000e-01 2.06250000e-01 -2.14139968e-18)	9	6.22821227e+00	(5.43750000e-01 6.81250000e-01 2.17402613e-18)	10
6.1982729       	p               	2.23407820e-02	(6.43750000e-01 2.06250000e-01 -2.14139968e-18)	9	1.20164446e+01	(5.93750000e-01 6.25000000e-03 -3.33502596e-18)	8
6.26            	mag(U)          	2.19341515e-02	(6.00000000e-01 6.25000000e-03 -4.33680869e-20)	8	3.08175013e+00	(3.31250000e-01 2.68750000e-01 1.38797956e-18)	9
6.26            	rho             	6.01225212e-02	(6.43750000e-01 2.06250000e-01 -2.14139968e-18)	9	6.29041959e+00	(5.43750000e-01 6.81250000e-01 2.17402613e-18)	10
6.26            	p               	3.11241886e-02	(6.43750000e-01 2.06250000e-01 -2.14139968e-18)	9	1.20155147e+01	(5.93750000e-01 6.25000000e-03 -3.33502596e-18)	8
6.32125         	mag(U)          	2.19523681e-02	(6.00000000e-01 6.25000000e-03 -4.33680869e-20)	8	3.09374751e+00	(6.81250000e-01 2.18750000e-01 8.11706026e-18)	9
6.32125         	rho             	9.13604549e-02	(6.68750000e-01 2.06250000e-01 3.18133026e-19)	9	6.31919474e+00	(5.43750000e-01 6.81250000e-01 2.17402613e-18)	10
6.32125         	p               	7.15725870e-02	(6.68750000e-01 2.06250000e-01 3.18133026e-19)	9	1.20104167e+01	(5.93750000e-01 6.25000000e-03 -3.33502596e-18)	8
6.3824081       	mag(U)          	2.19190566e-02	(6.00000000e-01 6.25000000e-03 -4.33680869e-20)	8	3.10101331e+00	(7.18750000e-01 2.18750000e-01 -2.73761049e-19)	9
6.3824081       	rho             	4.41186033e-02	(6.43750000e-01 2.06250000e-01 -2.14139968e-18)	9	6.29817938e+00	(5.43750000e-01 6.81250000e-01 2.17402613e-18)	10
6.3824081       	p               	2.13281769e-02	(6.43750000e-01 2.06250000e-01 -2.14139968e-18)	9	1.20147932e+01	(5.93750000e-01 6.25000000e-03 -3.33502596e-18)	8
6.4436875       	mag(U)          	2.19388127e-02	(6.00000000e-01 6.25000000e-03 -4.33680869e-20)	8	3.10347122e+00	(7.31250000e-01 2.18750000e-01 -3.59633876e-18)	9
6.4436875       	rho             	4.69554127e-02	(6.43750000e-01 2.06250000e-01 -2.14139968e-18)	9	6.21941149e+00	(5.43750000e-01 6.68750000e-01 -7.68412227e-17)	10
6.4436875       	p               	1.68715748e-02	(6.43750000e-01 2.06250000e-01 -2.14139968e-18)	9	1.20154215e+01	(5.93750000e-01 6.25000000e-03 -3.33502596e-18)	8
6.5043685       	mag(U)          	2.19486176e-02	(6.00000000e-01 6.25000000e-03 -4.33680869e-20)	8	3.08178088e+00	(3.31250000e-01 2.68750000e-01 1.38797956e-18)	9
6.5043685       	rho             	6.15065983e-02	(6.56250000e-01 2.06250000e-01 -6.03338431e-20)	9	6.27209131e+00	(5.43750000e-01 6.68750000e-01 -7.68412227e-17)	10
6.5043685       	p               	4.11911369e-02	(6.56250000e-01 2.06250000e-01 -6.03338431e-20)	9	1.20133747e+01	(5.93750000e-01 6.25000000e-03 -3.33502596e-18)	8
6.5660606       	mag(U)          	2.19224543e-02	(6.00000000e-01 6.25000000e-03 -4.33680869e-20)	8	3.08156391e+00	(3.31250000e-01 2.68750000e-01 1.38797956e-18)	9
6.5660606       	rho             	4.02494356e-02	(6.56250000e-01 2.06250000e-01 -6.03338431e-20)	9	6.21417127e+00	(5.43750000e-01 6.68750000e-01 -7.68412227e-17)	10
6.5660606       	p               	2.24278740e-02	(6.56250000e-01 2.06250000e-01 -6.03338431e-20)	9	1.20110677e+01	(5.93750000e-01 6.25000000e-03 -3.33502596e-18)	8
6.6280682       	mag(U)          	2.19503196e-02	(6.00000000e-01 6.25000000e-03 -4.33680869e-20)	8	3.08170275e+00	(3.31250000e-01 2.68750000e-01 1.38797956e-18)	9
6.6280682       	rho             	7.24878140e-02	(6.43750000e-01 2.06250000e-01 -2.14139968e-18)	9	6.12832084e+00	(5.43750000e-01 6.68750000e-01 -7.68412227e-17)	10
6.6280682       	p               	3.25680612e-02	(6.31250000e-01 2.06250000e-01 7.31836466e-20)	9	1.20162320e+01	(5.93750000e-01 6.25000000e-03 -3.33502596e-18)	8
6.6893535       	mag(U)          	2.19354831e-02	(6.00000000e-01 6.25000000e-03 -4.33680869e-20)	8	3.08180198e+00	(3.31250000e-01 2.68750000e-01 1.38797956e-18)	9
6.6893535       	rho             	8.02540053e-02	(6.68750000e-01 2.06250000e-01 3.18133026e-19)	9	6.05183958e+00	(5.43750000e-01 6.68750000e-01 -7.68412227e-17)	10
6.6893535       	p               	6.19107523e-02	(6.68750000e-01 2.06250000e-01 3.18133026e-19)	9	1.20150544e+01	(5.93750000e-01 6.25000000e-03 -3.33502596e-18)	8
6.7507121       	mag(U)          	2.19391510e-02	(6.00000000e-01 6.25000000e-03 -4.33680869e-20)	8	3.08165658e+00	(3.31250000e-01 2.68750000e-01 1.38797956e-18)	9
6.7507121       	rho             	5.80833753e-02	(6.43750000e-01 2.06250000e-01 -2.14139968e-18)	9	6.01648257e+00	(5.43750000e-01 6.68750000e-01 -7.68412227e-17)	10
6.7507121       	p               	3.35922621e-02	(6.43750000e-01 2.06250000e-01 -2.14139968e-18)	9	1.20088775e+01	(5.93750000e-01 6.25000000e-03 -3.33502596e-18)	8
6.8127273       	mag(U)          	2.19206314e-02	(6.00000000e-01 6.25000000e-03 -4.33680869e-20)	8	3.08162895e+00	(3.31250000e-01 2.68750000e-01 1.38797956e-18)	9
6.8127273       	rho             	5.41718680e-02	(6.43750000e-01 2.06250000e-01 -2.14139968e-18)	9	6.01825739e+00	(5.31250000e-01 6.68750000e-01 -7.26027954e-17)	10
6.8127273       	p               	1.93545283e-02	(6.43750000e-01 2.06250000e-01 -2.14139968e-18)	9	1.20176007e+01	(5.93750000e-01 6.25000000e-03 -3.33502596e-18)	8
6.874375        	mag(U)          	2.19463338e-02	(6.00000000e-01 6.25000000e-03 -4.33680869e-20)	8	3.11556131e+00	(7.18750000e-01 2.18750000e-01 -2.73761049e-19)	9
6.874375        	rho             	6.89499988e-02	(6.43750000e-01 2.06250000e-01 -2.14139968e-18)	9	6.03660969e+00	(5.31250000e-01 6.56250000e-01 7.62561551e-17)	10
6.874375        	p               	2.85520064e-02	(6.31250000e-01 2.06250000e-01 7.31836466e-20)	9	1.20155078e+01	(5.93750000e-01 6.25000000e-03 -3.33502596e-18)	8
6.9350464       	mag(U)          	2.19410605e-02	(6.00000000e-01 6.25000000e-03 -4.33680869e-20)	8	3.08171661e+00	(3.31250000e-01 2.68750000e-01 1.38797956e-18)	9
6.9350464       	rho             	5.01592594e-02	(6.56250000e-01 2.06250000e-01 -6.03338431e-20)	9	6.14502331e+00	(5.31250000e-01 6.56250000e-01 7.62561551e-17)	10
6.9350464       	p               	2.97700241e-02	(6.56250000e-01 2.06250000e-01 -6.03338431e-20)	9	1.20085833e+01	(5.93750000e-01 6.25000000e-03 -3.33502596e-18)	8
6.996875        	mag(U)          	2.19215119e-02	(6.00000000e-01 6.25000000e-03 -4.33680869e-20)	8	3.08169548e+00	(3.31250000e-01 2.68750000e-01 1.38797956e-18)	9
6.996875        	rho             	3.65420083e-02	(6.43750000e-01 2.06250000e-01 -2.14139968e-18)	9	6.21329543e+00	(5.31250000e-01 6.56250000e-01 7.62561551e-17)	10
6.996875        	p               	1.52486039e-02	(6.43750000e-01 2.06250000e-01 -2.14139968e-18)	9	1.20171355e+01	(5.93750000e-01 6.25000000e-03 -3.33502596e-18)	8
7.0581308       	mag(U)          	2.19521042e-02	(6.00000000e-01 6.25000000e-03 -4.33680869e-20)	8	3.08180869e+00	(3.31250000e-01 2.68750000e-01 1.38797956e-18)	9
7.0581308       	rho             	1.00263764e-01	(6.56250000e-01 2.06250000e-01 -6.03338431e-20)	9	6.27004037e+00	(5.31250000e-01 6.56250000e-01 7.62561551e-17)	10
7.0581308       	p               	4.26309895e-02	(6.31250000e-01 2.06250000e-01 7.31836466e-20)	9	1.20150521e+01	(5.93750000e-01 6.25000000e-03 -3.33502596e-18)	8
7.1187712       	mag(U)          	2.19317984e-02	(6.00000000e-01 6.25000000e-03 -4.33680869e-20)	8	3.08185665e+00	(3.31250000e-01 2.68750000e-01 1.38797956e-18)	9
7.1187712       	rho             	5.66703445e-02	(6.56250000e-01 2.06250000e-01 -6.03338431e-20)	9	6.27532532e+00	(5.31250000e-01 6.56250000e-01 7.62561551e-17)	10
7.1187712       	p               	3.94071156e-02	(6.56250000e-01 2.06250000e-01 -6.03338431e-20)	9	1.20115136e+01	(5.93750000e-01 6.25000000e-03 -3.33502596e-18)	8
7.18            	mag(U)          	2.19294992e-02	(6.00000000e-01 6.25000000e-03 -4.33680869e-20)	8	3.08166764e+00	(3.31250000e-01 2.68750000e-01 1.38797956e-18)	9
7.18            	rho             	4.96462523e-02	(6.43750000e-01 2.06250000e-01 -2.14139968e-18)	9	6.23475799e+00	(5.31250000e-01 6.56250000e-01 7.62561551e-17)	10
7.18            	p               	2.47588437e-02	(6.43750000e-01 2.06250000e-01 -2.14139968e-18)	9	1.20138384e+01	(5.93750000e-01 6.25000000e-03 -3.33502596e-18)	8
7.2418573       	mag(U)          	2.19272098e-02	(6.00000000e-01 6.25000000e-03 -4.33680869e-20)	8	3.08179340e+00	(3.31250000e-01 2.68750000e-01 1.38797956e-18)	9
7.2418573       	rho             	7.88232075e-02	(6.31250000e-01 2.06250000e-01 7.31836466e-20)	9	6.19036400e+00	(5.31250000e-01 6.56250000e-01 7.62561551e-17)	10
7.2418573       	p               	2.86334007e-02	(6.31250000e-01 2.06250000e-01 7.31836466e-20)	9	1.20156164e+01	(5.93750000e-01 6.25000000e-03 -3.33502596e-18)	8
7.3031465       	mag(U)          	2.19498851e-02	(6.00000000e-01 6.25000000e-03 -4.33680869e-20)	8	3.08192971e+00	(3.31250000e-01 2.68750000e-01 1.38797956e-18)	9
7.3031465       	rho             	8.97822839e-02	(6.56250000e-01 2.06250000e-01 -6.03338431e-20)	9	6.05511017e+00	(5.31250000e-01 6.56250000e-01 7.62561551e-17)	10
7.3031465       	p               	5.40999231e-02	(6.31250000e-01 2.06250000e-01 7.31836466e-20)	9	1.20138751e+01	(5.93750000e-01 6.25000000e-03 -3.33502596e-18)	8
7.3641961       	mag(U)          	2.19309951e-02	(6.00000000e-01 6.25000000e-03 -4.33680869e-20)	8	3.08165539e+00	(3.31250000e-01 2.68750000e-01 1.38797956e-18)	9
7.3641961       	rho             	4.16582945e-02	(6.43750000e-01 2.06250000e-01 -2.14139968e-18)	9	5.99273626e+00	(5.31250000e-01 6.43750000e-01 3.57581923e-17)	10
7.3641961       	p               	1.80162898e-02	(6.43750000e-01 2.06250000e-01 -2.14139968e-18)	9	1.20097450e+01	(5.93750000e-01 6.25000000e-03 -3.33502596e-18)	8
7.426224        	mag(U)          	2.19288119e-02	(6.00000000e-01 6.25000000e-03 -4.33680869e-20)	8	3.10128833e+00	(6.93750000e-01 2.18750000e-01 1.28032230e-17)	9
7.426224        	rho             	7.36978897e-02	(6.43750000e-01 2.06250000e-01 -2.14139968e-18)	9	5.98880749e+00	(5.93750000e-01 6.25000000e-03 -3.33502596e-18)	8
7.426224        	p               	3.11177349e-02	(6.31250000e-01 2.06250000e-01 7.31836466e-20)	9	1.20176695e+01	(5.93750000e-01 6.25000000e-03 -3.33502596e-18)	8
7.48625         	mag(U)          	2.19519919e-02	(6.00000000e-01 6.25000000e-03 -4.33680869e-20)	8	3.08188318e+00	(3.31250000e-01 2.68750000e-01 1.38797956e-18)	9
7.48625         	rho             	8.52627048e-02	(6.56250000e-01 2.06250000e-01 -6.03338431e-20)	9	5.98774094e+00	(5.93750000e-01 6.25000000e-03 -3.33502596e-18)	8
7.48625         	p               	6.18336201e-02	(6.56250000e-01 2.06250000e-01 -6.03338431e-20)	9	1.20147088e+01	(5.93750000e-01 6.25000000e-03 -3.33502596e-18)	8
7.5470856       	mag(U)          	2.19270716e-02	(6.00000000e-01 6.25000000e-03 -4.33680869e-20)	8	3.08177620e+00	(3.31250000e-01 2.68750000e-01 1.38797956e-18)	9
7.5470856       	rho             	4.16566475e-02	(6.43750000e-01 2.06250000e-01 -2.14139968e-18)	9	5.99779502e+00	(5.18750000e-01 6.43750000e-01 3.60322545e-17)	10
7.5470856       	p               	1.73482159e-02	(6.43750000e-01 2.06250000e-01 -2.14139968e-18)	9	1.20087162e+01	(5.93750000e-01 6.25000000e-03 -3.33502596e-18)	8
7.60875         	mag(U)          	2.19226793e-02	(6.00000000e-01 6.25000000e-03 -4.33680869e-20)	8	3.08174491e+00	(3.31250000e-01 2.68750000e-01 1.38797956e-18)	9
7.60875         	rho             	7.17690264e-02	(6.43750000e-01 2.06250000e-01 -2.14139968e-18)	9	6.04290471e+00	(5.18750000e-01 6.43750000e-01 3.60322545e-17)	10
7.60875         	p               	3.11786630e-02	(6.31250000e-01 2.06250000e-01 7.31836466e-20)	9	1.20175968e+01	(5.93750000e-01 6.25000000e-03 -3.33502596e-18)	8
7.6700752       	mag(U)          	2.19483413e-02	(6.00000000e-01 6.25000000e-03 -4.33680869e-20)	8	3.08189081e+00	(3.31250000e-01 2.68750000e-01 1.38797956e-18)	9
7.6700752       	rho             	8.35788185e-02	(6.68750000e-01 2.06250000e-01 3.18133026e-19)	9	6.05844304e+00	(5.18750000e-01 6.43750000e-01 3.60322545e-17)	10
7.6700752       	p               	6.27883831e-02	(6.56250000e-01 2.06250000e-01 -6.03338431e-20)	9	1.20154020e+01	(5.93750000e-01 6.25000000e-03 -3.33502596e-18)	8
7.7305882       	mag(U)          	2.19367824e-02	(6.00000000e-01 6.25000000e-03 -4.33680869e-20)	8	3.08184929e+00	(3.31250000e-01 2.68750000e-01 1.38797956e-18)	9
7.7305882       	rho             	4.36762737e-02	(6.43750000e-01 2.06250000e-01 -2.14139968e-18)	9	6.07964041e+00	(5.18750000e-01 6.43750000e-01 3.60322545e-17)	10
7.7305882       	p               	2.00903219e-02	(6.43750000e-01 2.06250000e-01 -2.14139968e-18)	9	1.20100324e+01	(5.93750000e-01 6.25000000e-03 -3.33502596e-18)	8
7.7925083       	mag(U)          	2.19207685e-02	(6.00000000e-01 6.25000000e-03 -4.33680869e-20)	8	3.08174044e+00	(3.31250000e-01 2.68750000e-01 1.38797956e-18)	9
7.7925083       	rho             	8.33485671e-02	(6.43750000e-01 2.06250000e-01 -2.14139968e-18)	9	6.08654381e+00	(5.18750000e-01 6.43750000e-01 3.60322545e-17)	10
7.7925083       	p               	3.47135495e-02	(6.31250000e-01 2.06250000e-01 7.31836466e-20)	9	1.20155223e+01	(5.93750000e-01 6.25000000e-03 -3.33502596e-18)	8
7.8536559       	mag(U)          	2.19392962e-02	(6.00000000e-01 6.25000000e-03 -4.33680869e-20)	8	3.08188309e+00	(3.31250000e-01 2.68750000e-01 1.38797956e-18)	9
7.8536559       	rho             	7.23116994e-02	(6.68750000e-01 2.06250000e-01 3.18133026e-19)	9	6.06327566e+00	(5.18750000e-01 6.43750000e-01 3.60322545e-17)	10
7.8536559       	p               	5.37981677e-02	(6.68750000e-01 2.06250000e-01 3.18133026e-19)	9	1.20161920e+01	(5.93750000e-01 6.25000000e-03 -3.33502596e-18)	8
7.9151515       	mag(U)          	2.19411556e-02	(6.00000000e-01 6.25000000e-03 -4.33680869e-20)	8	3.08189430e+00	(3.31250000e-01 2.68750000e-01 1.38797956e-18)	9
7.9151515       	rho             	6.12395068e-02	(6.43750000e-01 2.06250000e-01 -2.14139968e-18)	9	6.04581564e+00	(5.18750000e-01 6.43750000e-01 3.60322545e-17)	10
7.9151515       	p               	3.60163423e-02	(6.43750000e-01 2.06250000e-01 -2.14139968e-18)	9	1.20120033e+01	(5.93750000e-01 6.25000000e-03 -3.33502596e-18)	8
7.9775083       	mag(U)          	2.19174583e-02	(6.00000000e-01 6.25000000e-03 -4.33680869e-20)	8	3.08176009e+00	(3.31250000e-01 2.68750000e-01 1.38797956e-18)	9
7.9775083       	rho             	5.72258558e-02	(6.43750000e-01 2.06250000e-01 -2.14139968e-18)	9	6.06170458e+00	(5.18750000e-01 6.31250000e-01 -3.53253146e-17)	10
7.9775083       	p               	2.09520170e-02	(6.43750000e-01 2.06250000e-01 -2.14139968e-18)	9	1.20128469e+01	(5.93750000e-01 6.25000000e-03 -3.33502596e-18)	8
8.04            	mag(U)          	2.19342774e-02	(6.00000000e-01 6.25000000e-03 -4.33680869e-20)	8	3.11740043e+00	(7.31250000e-01 2.18750000e-01 -3.59633876e-18)	9
8.04            	rho             	7.02394492e-02	(6.43750000e-01 2.06250000e-01 -2.14139968e-18)	9	6.09784287e+00	(5.18750000e-01 6.31250000e-01 -3.53253146e-17)	10
8.04            	p               	3.19952672e-02	(6.31250000e-01 2.06250000e-01 7.31836466e-20)	9	1.20167805e+01	(5.93750000e-01 6.25000000e-03 -3.33502596e-18)	8
8.1             	mag(U)          	2.19483234e-02	(6.00000000e-01 6.25000000e-03 -4.33680869e-20)	8	3.08193159e+00	(3.31250000e-01 2.68750000e-01 1.38797956e-18)	9
8.1             	rho             	4.67331840e-02	(6.56250000e-01 2.06250000e-01 -6.03338431e-20)	9	6.09685192e+00	(5.18750000e-01 6.31250000e-01 -3.53253146e-17)	10
8.1             	p               	2.67663342e-02	(6.56250000e-01 2.06250000e-01 -6.03338431e-20)	9	1.20133063e+01	(5.93750000e-01 6.25000000e-03 -3.33502596e-18)	8
8.1617647       	mag(U)          	2.19213568e-02	(6.00000000e-01 6.25000000e-03 -4.33680869e-20)	8	3.08180386e+00	(3.31250000e-01 2.68750000e-01 1.38797956e-18)	9
8.1617647       	rho             	5.14394020e-02	(6.43750000e-01 2.06250000e-01 -2.14139968e-18)	9	6.05220863e+00	(5.18750000e-01 6.31250000e-01 -3.53253146e-17)	10
8.1617647       	p               	2.31964597e-02	(6.43750000e-01 2.06250000e-01 -2.14139968e-18)	9	1.20104438e+01	(5.93750000e-01 6.25000000e-03 -3.33502596e-18)	8
8.22375         	mag(U)          	2.19375483e-02	(6.00000000e-01 6.25000000e-03 -4.33680869e-20)	8	3.09647888e+00	(7.18750000e-01 2.18750000e-01 -2.73761049e-19)	9
8.22375         	rho             	8.34790945e-02	(6.31250000e-01 2.00000000e-01 4.62592927e-19)	9	6.02193944e+00	(5.18750000e-01 6.31250000e-01 -3.53253146e-17)	10
8.22375         	p               	3.35544287e-02	(6.31250000e-01 2.06250000e-01 7.31836466e-20)	9	1.20168403e+01	(5.93750000e-01 6.25000000e-03 -3.33502596e-18)	8
8.2842424       	mag(U)          	2.19396546e-02	(6.00000000e-01 6.25000000e-03 -4.33680869e-20)	8	3.08198117e+00	(3.31250000e-01 2.68750000e-01 1.38797956e-18)	9
8.2842424       	rho             	4.95118026e-02	(6.56250000e-01 2.06250000e-01 -6.03338431e-20)	9	5.99062530e+00	(5.18750000e-01 6.31250000e-01 -3.53253146e-17)	10
8.2842424       	p               	2.91905914e-02	(6.56250000e-01 2.06250000e-01 -6.03338431e-20)	9	1.20155349e+01	(5.93750000e-01 6.25000000e-03 -3.33502596e-18)	8
8.3459394       	mag(U)          	2.19349861e-02	(6.00000000e-01 6.25000000e-03 -4.33680869e-20)	8	3.08180350e+00	(3.31250000e-01 2.68750000e-01 1.38797956e-18)	9
8.3459394       	rho             	4.76984930e-02	(6.43750000e-01 2.06250000e-01 -2.14139968e-18)	9	5.98552831e+00	(5.93750000e-01 6.25000000e-03 -3.33502596e-18)	8
8.3459394       	p               	2.38407014e-02	(6.43750000e-01 2.06250000e-01 -2.14139968e-18)	9	1.20083864e+01	(5.93750000e-01 6.25000000e-03 -3.33502596e-18)	8
8.4069534       	mag(U)          	2.19301954e-02	(6.00000000e-01 6.25000000e-03 -4.33680869e-20)	8	3.08176349e+00	(3.31250000e-01 2.68750000e-01 1.38797956e-18)	9
8.4069534       	rho             	9.30515261e-02	(6.68750000e-01 2.06250000e-01 3.18133026e-19)	9	5.98876687e+00	(5.93750000e-01 6.25000000e-03 -3.33502596e-18)	8
8.4069534       	p               	7.16298419e-02	(6.68750000e-01 2.06250000e-01 3.18133026e-19)	9	1.20174376e+01	(5.93750000e-01 6.25000000e-03 -3.33502596e-18)	8
8.4684096       	mag(U)          	2.19337111e-02	(6.00000000e-01 6.25000000e-03 -4.33680869e-20)	8	3.08193234e+00	(3.31250000e-01 2.68750000e-01 1.38797956e-18)	9
8.4684096       	rho             	5.60250944e-02	(6.56250000e-01 2.06250000e-01 -6.03338431e-20)	9	5.98829594e+00	(5.93750000e-01 6.25000000e-03 -3.33502596e-18)	8
8.4684096       	p               	3.18917358e-02	(6.43750000e-01 2.06250000e-01 -2.14139968e-18)	9	1.20161549e+01	(5.93750000e-01 6.25000000e-03 -3.33502596e-18)	8
8.5297837       	mag(U)          	2.19536194e-02	(6.00000000e-01 6.25000000e-03 -4.33680869e-20)	8	3.09804942e+00	(7.31250000e-01 2.18750000e-01 -3.59633876e-18)	9
8.5297837       	rho             	4.80092672e-02	(6.43750000e-01 2.06250000e-01 -2.14139968e-18)	9	5.98577777e+00	(5.93750000e-01 6.25000000e-03 -3.33502596e-18)	8
8.5297837       	p               	1.74138334e-02	(6.43750000e-01 2.06250000e-01 -2.14139968e-18)	9	1.20090966e+01	(5.93750000e-01 6.25000000e-03 -3.33502596e-18)	8
8.5906702       	mag(U)          	2.19184339e-02	(6.00000000e-01 6.25000000e-03 -4.33680869e-20)	8	3.09976390e+00	(6.81250000e-01 2.18750000e-01 8.11706026e-18)	9
8.5906702       	rho             	9.35013174e-02	(6.68750000e-01 2.06250000e-01 3.18133026e-19)	9	5.98839455e+00	(5.93750000e-01 6.25000000e-03 -3.33502596e-18)	8
8.5906702       	p               	7.14941446e-02	(6.68750000e-01 2.06250000e-01 3.18133026e-19)	9	1.20163911e+01	(5.93750000e-01 6.25000000e-03 -3.33502596e-18)	8
8.6518505       	mag(U)          	2.19431063e-02	(6.00000000e-01 6.25000000e-03 -4.33680869e-20)	8	3.08187831e+00	(3.31250000e-01 2.68750000e-01 1.38797956e-18)	9
8.6518505       	rho             	4.93539590e-02	(6.56250000e-01 2.06250000e-01 -6.03338431e-20)	9	5.98795122e+00	(5.93750000e-01 6.25000000e-03 -3.33502596e-18)	8
8.6518505       	p               	2.58874517e-02	(6.43750000e-01 2.06250000e-01 -2.14139968e-18)	9	1.20151543e+01	(5.93750000e-01 6.25000000e-03 -3.33502596e-18)	8
8.7134524       	mag(U)          	2.19515839e-02	(6.00000000e-01 6.25000000e-03 -4.33680869e-20)	8	3.08195177e+00	(3.31250000e-01 2.68750000e-01 1.38797956e-18)	9
8.7134524       	rho             	5.54839429e-02	(6.43750000e-01 2.06250000e-01 -2.14139968e-18)	9	5.98702015e+00	(5.93750000e-01 6.25000000e-03 -3.33502596e-18)	8
8.7134524       	p               	2.51043439e-02	(6.43750000e-01 2.06250000e-01 -2.14139968e-18)	9	1.20125757e+01	(5.93750000e-01 6.25000000e-03 -3.33502596e-18)	8
8.7738548       	mag(U)          	2.19183694e-02	(6.00000000e-01 6.25000000e-03 -4.33680869e-20)	8	3.08173333e+00	(3.31250000e-01 2.68750000e-01 1.38797956e-18)	9
8.7738548       	rho             	8.44220550e-02	(6.68750000e-01 2.06250000e-01 3.18133026e-19)	9	5.98707470e+00	(5.93750000e-01 6.25000000e-03 -3.33502596e-18)	8
8.7738548       	p               	6.42298047e-02	(6.68750000e-01 2.06250000e-01 3.18133026e-19)	9	1.20126862e+01	(5.93750000e-01 6.25000000e-03 -3.33502596e-18)	8
8.8347403       	mag(U)          	2.19354898e-02	(6.00000000e-01 6.25000000e-03 -4.33680869e-20)	8	3.08184521e+00	(3.31250000e-01 2.68750000e-01 1.38797956e-18)	9
8.8347403       	rho             	5.26201408e-02	(6.43750000e-01 2.06250000e-01 -2.14139968e-18)	9	5.98836525e+00	(5.93750000e-01 6.25000000e-03 -3.33502596e-18)	8
8.8347403       	p               	2.80923701e-02	(6.43750000e-01 2.06250000e-01 -2.14139968e-18)	9	1.20162942e+01	(5.93750000e-01 6.25000000e-03 -3.33502596e-18)	8
8.8962779       	mag(U)          	2.19511404e-02	(6.00000000e-01 6.25000000e-03 -4.33680869e-20)	8	3.14303314e+00	(7.06250000e-01 2.18750000e-01 1.19724029e-18)	9
8.8962779       	rho             	6.19232356e-02	(6.43750000e-01 2.06250000e-01 -2.14139968e-18)	9	5.98765995e+00	(5.93750000e-01 6.25000000e-03 -3.33502596e-18)	8
8.8962779       	p               	2.42666054e-02	(6.43750000e-01 2.06250000e-01 -2.14139968e-18)	9	1.20143626e+01	(5.93750000e-01 6.25000000e-03 -3.33502596e-18)	8
8.9569457       	mag(U)          	2.19254779e-02	(6.00000000e-01 6.25000000e-03 -4.33680869e-20)	8	3.08178966e+00	(3.31250000e-01 2.68750000e-01 1.38797956e-18)	9
8.9569457       	rho             	7.34040616e-02	(6.56250000e-01 2.06250000e-01 -6.03338431e-20)	9	5.99527990e+00	(5.06250000e-01 6.18750000e-01 1.12034224e-19)	10
8.9569457       	p               	5.00655670e-02	(6.56250000e-01 2.06250000e-01 -6.03338431e-20)	9	1.20094381e+01	(5.93750000e-01 6.25000000e-03 -3.33502596e-18)	8
9.0181897       	mag(U)          	2.19353660e-02	(6.00000000e-01 6.25000000e-03 -4.33680869e-20)	8	3.08180237e+00	(3.31250000e-01 2.68750000e-01 1.38797956e-18)	9
9.0181897       	rho             	4.08121396e-02	(6.56250000e-01 2.06250000e-01 -6.03338431e-20)	9	6.01101700e+00	(5.06250000e-01 6.18750000e-01 1.12034224e-19)	10
9.0181897       	p               	2.06972209e-02	(6.56250000e-01 2.06250000e-01 -6.03338431e-20)	9	1.20169500e+01	(5.93750000e-01 6.25000000e-03 -3.33502596e-18)	8
9.08            	mag(U)          	2.19454144e-02	(6.00000000e-01 6.25000000e-03 -4.33680869e-20)	8	3.09921254e+00	(7.18750000e-01 2.18750000e-01 -2.73761049e-19)	9
9.08            	rho             	5.50841490e-02	(6.43750000e-01 2.06250000e-01 -2.14139968e-18)	9	6.01897557e+00	(5.06250000e-01 6.18750000e-01 1.12034224e-19)	10
9.08            	p               	2.48468149e-02	(6.43750000e-01 2.06250000e-01 -2.14139968e-18)	9	1.20158091e+01	(5.93750000e-01 6.25000000e-03 -3.33502596e-18)	8
9.1412121       	mag(U)          	2.19363913e-02	(6.00000000e-01 6.25000000e-03 -4.33680869e-20)	8	3.08182459e+00	(3.31250000e-01 2.68750000e-01 1.38797956e-18)	9
9.1412121       	rho             	9.66707934e-02	(6.68750000e-01 2.00000000e-01 4.62592927e-19)	9	6.01904333e+00	(5.06250000e-01 6.18750000e-01 1.12034224e-19)	10
9.1412121       	p               	7.04115709e-02	(6.31250000e-01 2.06250000e-01 7.31836466e-20)	9	1.20086398e+01	(5.93750000e-01 6.25000000e-03 -3.33502596e-18)	8
9.2025          	mag(U)          	2.19328272e-02	(6.00000000e-01 6.25000000e-03 -4.33680869e-20)	8	3.08179782e+00	(3.31250000e-01 2.68750000e-01 1.38797956e-18)	9
9.2025          	rho             	6.13210804e-02	(6.56250000e-01 2.06250000e-01 -6.03338431e-20)	9	6.01507217e+00	(5.06250000e-01 6.18750000e-01 1.12034224e-19)	10
9.2025          	p               	4.30251211e-02	(6.56250000e-01 2.06250000e-01 -6.03338431e-20)	9	1.20169860e+01	(5.93750000e-01 6.25000000e-03 -3.33502596e-18)	8
9.2641176       	mag(U)          	2.19460101e-02	(6.00000000e-01 6.25000000e-03 -4.33680869e-20)	8	3.08191822e+00	(3.31250000e-01 2.68750000e-01 1.38797956e-18)	9
9.2641176       	rho             	5.13232396e-02	(6.43750000e-01 2.06250000e-01 -2.14139968e-18)	9	6.02237376e+00	(5.06250000e-01 6.18750000e-01 1.12034224e-19)	10
9.2641176       	p               	2.28650830e-02	(6.43750000e-01 2.06250000e-01 -2.14139968e-18)	9	1.20151924e+01	(5.93750000e-01 6.25000000e-03 -3.33502596e-18)	8
9.325625        	mag(U)          	2.19381759e-02	(6.00000000e-01 6.25000000e-03 -4.33680869e-20)	8	3.09506054e+00	(6.93750000e-01 2.18750000e-01 1.28032230e-17)	9
9.325625        	rho             	6.92765820e-02	(6.43750000e-01 2.06250000e-01 -2.14139968e-18)	9	5.99451428e+00	(5.06250000e-01 6.18750000e-01 1.12034224e-19)	10
9.325625        	p               	2.44641820e-02	(6.31250000e-01 2.06250000e-01 7.31836466e-20)	9	1.20111969e+01	(5.93750000e-01 6.25000000e-03 -3.33502596e-18)	8
9.3867194       	mag(U)          	2.19316409e-02	(6.00000000e-01 6.25000000e-03 -4.33680869e-20)	8	3.08173060e+00	(3.31250000e-01 2.68750000e-01 1.38797956e-18)	9
9.3867194       	rho             	6.67836620e-02	(6.56250000e-01 2.06250000e-01 -6.03338431e-20)	9	5.98843774e+00	(5.06250000e-01 6.18750000e-01 1.12034224e-19)	10
9.3867194       	p               	4.38233350e-02	(6.56250000e-01 2.06250000e-01 -6.03338431e-20)	9	1.20145494e+01	(5.93750000e-01 6.25000000e-03 -3.33502596e-18)	8
9.4478788       	mag(U)          	2.19327520e-02	(6.00000000e-01 6.25000000e-03 -4.33680869e-20)	8	3.08189949e+00	(3.31250000e-01 2.68750000e-01 1.38797956e-18)	9
9.4478788       	rho             	4.03605983e-02	(6.56250000e-01 2.06250000e-01 -6.03338431e-20)	9	5.98814829e+00	(5.93750000e-01 6.25000000e-03 -3.33502596e-18)	8
9.4478788       	p               	2.02179716e-02	(6.56250000e-01 2.06250000e-01 -6.03338431e-20)	9	1.20156523e+01	(5.93750000e-01 6.25000000e-03 -3.33502596e-18)	8
9.509375        	mag(U)          	2.19485783e-02	(6.00000000e-01 6.25000000e-03 -4.33680869e-20)	8	3.10970158e+00	(6.93750000e-01 2.18750000e-01 1.28032230e-17)	9
9.509375        	rho             	8.78605464e-02	(6.43750000e-01 2.06250000e-01 -2.14139968e-18)	9	5.98736882e+00	(5.93750000e-01 6.25000000e-03 -3.33502596e-18)	8
9.509375        	p               	3.53013792e-02	(6.31250000e-01 2.06250000e-01 7.31836466e-20)	9	1.20135168e+01	(5.93750000e-01 6.25000000e-03 -3.33502596e-18)	8
9.5703409       	mag(U)          	2.19225472e-02	(6.00000000e-01 6.25000000e-03 -4.33680869e-20)	8	3.08172968e+00	(3.31250000e-01 2.68750000e-01 1.38797956e-18)	9
9.5703409       	rho             	7.27905897e-02	(6.56250000e-01 2.06250000e-01 -6.03338431e-20)	9	5.98636163e+00	(5.93750000e-01 6.25000000e-03 -3.33502596e-18)	8
9.5703409       	p               	4.98540652e-02	(6.56250000e-01 2.06250000e-01 -6.03338431e-20)	9	1.20106657e+01	(5.93750000e-01 6.25000000e-03 -3.33502596e-18)	8
9.6312023       	mag(U)          	2.19413424e-02	(6.00000000e-01 6.25000000e-03 -4.33680869e-20)	8	3.08186716e+00	(3.31250000e-01 2.68750000e-01 1.38797956e-18)	9
9.6312023       	rho             	4.38984767e-02	(6.43750000e-01 2.06250000e-01 -2.14139968e-18)	9	5.98863207e+00	(5.93750000e-01 6.25000000e-03 -3.33502596e-18)	8
9.6312023       	p               	2.09364640e-02	(6.43750000e-01 2.06250000e-01 -2.14139968e-18)	9	1.20170267e+01	(5.93750000e-01 6.25000000e-03 -3.33502596e-18)	8
9.6919124       	mag(U)          	2.19387645e-02	(6.00000000e-01 6.25000000e-03 -4.33680869e-20)	8	3.11906784e+00	(6.93750000e-01 2.18750000e-01 1.28032230e-17)	9
9.6919124       	rho             	8.51009704e-02	(6.31250000e-01 2.00000000e-01 4.62592927e-19)	9	5.98786110e+00	(5.93750000e-01 6.25000000e-03 -3.33502596e-18)	8
9.6919124       	p               	3.29900115e-02	(6.31250000e-01 2.06250000e-01 7.31836466e-20)	9	1.20149061e+01	(5.93750000e-01 6.25000000e-03 -3.33502596e-18)	8
9.7532805       	mag(U)          	2.19359799e-02	(6.00000000e-01 6.25000000e-03 -4.33680869e-20)	8	3.08181856e+00	(3.31250000e-01 2.68750000e-01 1.38797956e-18)	9
9.7532805       	rho             	6.59100201e-02	(6.56250000e-01 2.06250000e-01 -6.03338431e-20)	9	5.98559126e+00	(5.93750000e-01 6.25000000e-03 -3.33502596e-18)	8
9.7532805       	p               	4.25867588e-02	(6.56250000e-01 2.06250000e-01 -6.03338431e-20)	9	1.20085080e+01	(5.93750000e-01 6.25000000e-03 -3.33502596e-18)	8
9.814569        	mag(U)          	2.19376148e-02	(6.00000000e-01 6.25000000e-03 -4.33680869e-20)	8	3.08176931e+00	(3.31250000e-01 2.68750000e-01 1.38797956e-18)	9
9.814569        	rho             	3.79605740e-02	(6.43750000e-01 2.06250000e-01 -2.14139968e-18)	9	5.98880100e+00	(5.93750000e-01 6.25000000e-03 -3.33502596e-18)	8
9.814569        	p               	1.52146664e-02	(6.43750000e-01 2.06250000e-01 -2.14139968e-18)	9	1.20174790e+01	(5.93750000e-01 6.25000000e-03 -3.33502596e-18)	8
9.8755808       	mag(U)          	2.19406034e-02	(6.00000000e-01 6.25000000e-03 -4.33680869e-20)	8	3.08196509e+00	(3.31250000e-01 2.68750000e-01 1.38797956e-18)	9
9.8755808       	rho             	1.00221073e-01	(6.68750000e-01 2.00000000e-01 4.62592927e-19)	9	5.98821112e+00	(5.93750000e-01 6.25000000e-03 -3.33502596e-18)	8
9.8755808       	p               	4.59924498e-02	(6.31250000e-01 2.06250000e-01 7.31836466e-20)	9	1.20158683e+01	(5.93750000e-01 6.25000000e-03 -3.33502596e-18)	8
9.9367304       	mag(U)          	2.19429388e-02	(6.00000000e-01 6.25000000e-03 -4.33680869e-20)	8	3.08187412e+00	(3.31250000e-01 2.68750000e-01 1.38797956e-18)	9
9.9367304       	rho             	6.99002577e-02	(6.68750000e-01 2.06250000e-01 3.18133026e-19)	9	5.98573338e+00	(5.93750000e-01 6.25000000e-03 -3.33502596e-18)	8
9.9367304       	p               	5.20884243e-02	(6.68750000e-01 2.06250000e-01 3.18133026e-19)	9	1.20089183e+01	(5.93750000e-01 6.25000000e-03 -3.33502596e-18)	8
9.9982202       	mag(U)          	2.19303528e-02	(6.00000000e-01 6.25000000e-03 -4.33680869e-20)	8	3.08178376e+00	(3.31250000e-01 2.68750000e-01 1.38797956e-18)	9
9.9982202       	rho             	5.20051179e-02	(6.43750000e-01 2.06250000e-01 -2.14139968e-18)	9	5.98847210e+00	(5.93750000e-01 6.25000000e-03 -3.33502596e-18)	8
9.9982202       	p               	2.43620084e-02	(6.43750000e-01 2.06250000e-01 -2.14139968e-18)	9	1.20165513e+01	(5.93750000e-01 6.25000000e-03 -3.33502596e-18)	8
